100
100 1000
218 536
1 742
316 534
4 10
128 697
52 815
21 484
21 584
7 10
483 484
4 109
3 9
3 10
121 484
1 122
122 483
706 894
54 596
3 302
121 485
135 901
3 485
1 221
120 221
8 569
1 10
21 302
7 121
8 9
303 484
8 121
3 5
8 65
384 485
9 122
153 657
1 302
57 597
65 221
1 104
1 109
303 485
10 120
408 856
3 4
42 433
1 6
8 302
532 567
172 448
4 302
366 523
354 421
484 484
79 225
158 215
1 1000
8 109
882 939
1 4
600 951
8 10
1 484
9 121
21 742
1 1
535 631
589 675
691 757
1 121
4 742
4 4
384 584
653 875
3 104
61 655
1 2
424 478
597 897
9 302
408 885
1 101
65 121
335 568
1 9
120 122
21 221
3 122
484 485
236 549
120 485
333 810
1 65
64 395
1 5
122 1000
483 485
435 578
484 584
