100
5
1 2 3 4 5
3
3 5 6
2
5 6
2
5 5
15
177780 803487 693880 613352 470589 830393 450854 907063 297669 809137 407731 97069 367485 721087 819398
15
138614 311031 141600 361563 519860 14116 149937 879104 749540 45514 436460 769716 936901 715451 36096
15
846335 542198 729807 902955 336268 263817 478776 44208 979972 336740 813496 612913 813684 161976 293445
9
591370 109565 921980 904204 136665 51743 873430 589863 916656
9
208444 298337 362565 906380 223340 938325 340057 335131 288605
13
458433 675488 965004 165226 496230 74410 480572 275503 996556 785576 213045 78683 255570
12
156078 715804 453790 485526 523237 228722 58917 465001 98342 198569 998549 510587
13
160731 751967 835188 91402 18059 188698 25748 420188 54350 628229 145359 4369 728886
8
637511 715659 701080 619307 602826 758175 383289 466524
10
524967 381305 727442 92060 700656 965365 13764 505756 677831 946762
11
1551 5689 987 3416 890 6693 8495 8123 6688 1841 9327
3
2556 5234 7566
12
9043 3183 4236 7664 3655 1365 6537 3147 5231 5244 7421 8318
8
5802 6252 6347 3017 8828 8841 8835 16306
3
8126 2823 8473
10
1899 4391 7432 4294 4083 4844 7905 7854 6692 5584
14
8779 8374 2882 2480 1952 2518 1521 7133 7714 9509 9249 5066 2190 5175
14
7860 1605 3892 1267 6200 8751 5065 4227 907 4144 6947 6565 1991 15505
11
605 8193 6007 3480 1438 6104 3445 6678 5810 7008 3583
8
9790 7401 6856 135 915 621 7818 6169
8
9835 4577 4345 7676 5803 5242 5614 9594
10
3932 9838 4486 7719 6063 2196 5957 8744 8477 5381
13
6854 8461 88 7741 2836 5695 2312 1250 7117 4639 2923 5369 9007
7
5766 6618 1017 9921 4808 1127 15563
4
3422 7023 5559 902
14
5424 9081 3751 8116 6823 3826 3881 7251 297 3493 8013 6491 7307 13924
10
6910 5120 5826 493 224 7500 8302 2903 7774 3993
6
9173 3435 382 6682 69 13727
4
2986 3323 5653 4420
6
311 6260 95 7314 1386 228
9
8366 5558 1804 4138 4347 9771 3930 5786 4760
3
8694 4326 12560
10
1163 2701 5872 323 3629 5463 4362 880 38 4243
15
1184 3201 8891 41 4112 348 2029 4215 727 1498 2373 856 4180 3290 15867
13
168 1114 6890 2722 1592 8174 6026 4679 5154 4849 5014 7767 947
6
8545 538 694 2519 5345 15611
10
2823 370 8314 4568 7940 415 4124 6003 873 2774
14
324 801 218 5782 4554 7076 1854 1617 8111 5950 4933 9649 5759 412
12
2619 2674 3212 5785 1098 2810 9078 7412 7817 8325 16 5490
3
5031 5268 1843
6
7567 1331 1792 933 4971 3954
2
2579 1066
8
2269 1539 456 6271 3536 8256 2585 12512
2
2505 8982
4
7654 7145 428 1955
10
5472 9846 5835 1639 5289 6979 5396 850 6951 8497
15
4558 1678 9096 1735 926 2593 6960 3555 7737 9349 7255 8889 1357 6200 4756
15
6071 9294 973 2506 9885 896 4127 7996 5078 4726 6037 8435 7621 4040 14091
4
813 212 8986 8419
15
1238 1644 1401 7232 240 2173 9584 1493 6485 2294 5076 914 2515 2678 12779
6
2751 2653 6668 8516 8355 1691
6
166 7810 9654 4682 3978 9810
4
9930 6855 1279 14578
12
5288 1726 8866 1877 770 1439 5857 5949 7232 4886 1127 15249
15
9861 2374 6364 9044 5414 3433 8184 8525 1229 5019 9731 8418 1025 7024 15479
8
5084 9964 1290 3420 3566 9685 1846 4715
12
5062 6430 8542 8119 1994 8212 7646 8634 3805 2736 9498 5417
3
439 897 566
14
677 7695 3359 7696 7120 7834 1120 2887 1441 3447 9729 7250 7955 6926
12
6021 5851 3778 1329 5878 9852 5380 5458 330 424 4659 10400
5
7648 4459 4944 357 7870
6
5707 6923 3861 8087 1983 6781
8
6802 7757 5976 5441 1570 1462 7521 6195
9
4836 215 6147 8203 4303 9597 465 5401 7358
14
680 9188 7850 9471 3171 1757 3445 3407 1794 9416 4557 2357 6677 2008
7
5601 9152 1909 4011 7163 6395 15871
10
2415 7762 6729 1704 7689 1431 627 7783 3965 5361
12
9086 2808 3590 7095 4403 4463 7286 4606 2605 6622 6226 14914
14
5226 8638 4895 2919 6666 813 4018 8521 4492 7132 2968 589 8592 14437
7
7709 8900 749 2209 1860 1689 14152
9
8479 3524 6021 2213 6141 3377 9190 8238 3415
5
29 2202 6276 4912 7344
3
6804 160 6708
3
6252 7668 1432
3
5240 3669 6701
4
6832 3913 6995 3754
12
6097 7082 9264 6626 6675 1123 3081 6704 467 2546 6546 10323
13
3082 2562 4556 415 5655 9418 9413 3104 6689 2461 1034 694 6499
3
5879 9653 13122
6
8722 5972 4945 4992 5884 5866
9
2769 3863 9531 6962 4940 8875 3255 6999 7624
8
9655 1528 5887 3258 7632 2995 1034 10339
14
9364 5618 6278 9337 235 4909 8779 1024 8568 3276 8541 1064 2648 14989
13
893 5816 6300 7384 1448 4177 3325 2002 5643 3686 14 1447 4755
4
2526 3988 5297 4859
10
9827 1418 6715 6735 4326 3778 3331 9475 8254 13703
13
5125 9095 8361 2654 5275 478 3434 4334 8236 6453 4890 8409 8046
6
7865 1278 3685 189 7006 4033
10
4196 5604 8674 7897 9431 617 4784 196 4626 7267
15
1515 5282 9549 5043 4287 9594 7014 210 3041 9299 1771 9954 7503 4507 2729
14
4743 3970 8109 3402 2621 8744 7019 3227 9773 2545 4604 9518 4628 9500
11
1834 807 7091 5303 1622 8155 1951 8286 5311 5519 13429
7
1265 1155 3530 8419 2727 8110 14418
6
9900 938 4396 7689 2808 8411
9
3620 4613 8146 531 2103 5609 6340 710 1511
12
9922 2403 2816 1648 5957 4991 5390 6051 525 3857 5365 7466
