100
1 2
01
11
2 5
00110 00010
00011 00111
4 2
00 11 10 01
00 01 10 11
5 8
11110101 10110011 11000111 00011101 11111100
00101000 01111100 00100000 01111010 10100011
8 6
100011 010010 110011 010100 010101 110101 100101 010011
101100 011010 011100 101010 111100 111010 011101 011011
8 10
1001101100 0110001100 0101000011 1010011110 0110101001 0010001110 0000111100 1000100011
0010100001 0010000100 1100001110 0001101110 0100010001 1110110011 1101000001 0110100011
4 5
10010 10011 01000 01001
10010 01001 10011 01000
10 10
1000111110 0011010001 0011101111 1110111111 0001110010 0101000001 0100101110 1111001000 1000000101 1110010000
1001000001 0010111111 0100111110 0010010000 1101110010 1111010001 0011001000 0100000101 1111101111 1000101110
10 10
0110110001 0001000010 1111000101 0010101101 0000011010 1111011011 1000100101 1100011110 1011101010 0101110100
0101001011 0001010111 1011111000 0111111100 1000111101 1100001100 1111000011 0110100100 1000100011 0010010010
10 10
0111110111 0010100110 0101111010 1001010001 1000011000 0011100001 1101001111 1100000001 1010001100 0110111110
1111101111 1110100110 0101010000 1100101011 0001001001 0011011101 0100011110 1010110000 0000000000 1011110111
3 5
11111 00001 00111
11010 00100 00010
10 10
1000000110 0101011011 1100101011 1010010011 1010100100 0011001010 0111111100 0100110101 0111000101 1001111000
0101001010 1001101001 1010110101 0111101101 0111010100 0100100100 1100111010 1010000010 1000010111 0011011011
10 10
1000010000 1100010101 0001101110 0000100101 0110011111 0111000010 1000101000 1111101001 0011010111 1111111010
1101010100 1101000111 0101111111 0010011000 1010010101 1010101101 1110101000 0001101010 0011010011 0100100010
10 10
0111001111 0100110001 1110010001 1111110000 0100001110 0001001111 1001000010 0011111101 1000111000 1010100110
1111010000 1011100111 1001111001 0101110000 0101001111 1000000011 0010111100 1110110001 0110001110 0000001110
6 8
01001000 10000101 10001101 10000111 01000000 01000010
01101010 01101000 10101111 10100101 10101101 01100000
10 10
0000011011 1111001100 1010010011 0110001011 1001110100 0100111000 0011101101 0011100110 1101000100 1100110011
0100100101 0001000011 1110011101 1000111101 0010110101 0110010110 1111101010 0001001000 1011011010 1101100010
8 6
010011 011100 100000 011111 100010 100001 111101 000011
011011 101000 011010 000110 111000 100111 011001 100100
2 7
1001101 0101100
0000100 1100101
2 3
011 101
011 101
1 4
1011
1110
4 8
11010111 10100011 11011101 10101001
01010110 00100010 00101000 01011100
10 10
0001110001 0001001101 0011010000 1110100110 1110100111 0010110101 0010001000 1101111010 1101001011 1100011110
0101011010 1001100000 0101101011 1010011001 1001011100 1010100100 0100001111 0110110111 0110110110 1011000001
6 9
010010000 000001011 100100000 110100000 111000011 001010001
010101010 101101011 011111111 011100011 000110101 001111110
6 7
1111001 0011011 0001000 1110000 1111110 0110101
1000101 1100010 0010101 1110111 0001111 1010011
10 10
1010001001 1110101111 1001000100 1010111110 1111000010 0001101010 0100010111 0111110001 0000011100 0101110001
0000001000 1101000111 0101110100 1010101010 0100011001 0000111111 1011011100 1111000111 1110100001 0011110010
10 10
1000010000 1101010010 1011110100 1111101110 0101001010 1010000001 0110101101 0110111101 0000001111 0001110011
1000111000 1110011010 0100010100 1111100110 0011000111 0110000101 0101100001 1011011111 0001111011 1000101000
8 9
000110001 110110111 110010111 100110001 000011000 010110111 100010001 010011110
001101000 001001000 101101000 111000111 111101110 011001110 101000001 011101110
4 10
1101111011 1100111111 0110100010 0111110001
0010000010 0011010001 1001011011 1000011111
10 10
1001110000 0100111001 0011000111 0010011111 1110100000 1101011010 1001100111 0110000100 0011011011 1100101100
1101110001 1010010011 1000101110 1101101101 0111011010 0011110000 0111001101 1100110101 0000001010 0010000110
8 8
10110010 00100000 01111000 01111101 10110111 00100101 11110010 11110111
10111111 00110000 10111010 00110101 11111111 01101101 01101000 11111010
2 10
0100010100 1001101000
0011101000 1110010100
10 10
1110100111 0011111000 1011110100 0000011001 1011110001 1101000011 1100000110 0011101110 0100011011 0100001100
1111110011 0110101011 1001000001 0110111100 0001001000 1110110110 0001011110 1100010111 0010101001 1001000100
10 10
0110101000 1100010000 1000001110 1001010111 1110111011 0000110001 0111000001 1011010110 0001101100 0111101111
0111011110 0110000011 1100111001 1011111111 0000000000 1001010100 1110111000 0001000111 1111100001 0000101110
8 6
001000 110111 110110 000110 111001 000111 001001 111000
000110 110110 111000 110111 001001 000111 001000 111001
4 5
01000 10000 10010 00000
00000 11110 00100 01000
2 8
10010100 10011100
00101110 00100110
1 2
10
00
10 10
1010101101 0001011100 0110111011 0010010010 0100100101 0101000001 1011111010 1101000100 1110011011 1001100110
1001100100 1100011101 0011011010 0111101100 0100100111 0110111011 1000000000 0000000101 1111010011 1011111010
10 10
0111110001 1101000110 0001011100 0010100110 1110100111 0010101001 0100011101 1010001011 1101011010 1001110000
1001100111 1111001010 0101100001 0101111101 0010110000 1010010010 0110011100 1100100110 1010011101 0001001011
10 10
1000001101 0100011100 1101101111 1011110101 0010010010 0101101010 0011000111 1110111000 1100000000 0011110011
0110010000 1000001100 1111100011 0111111111 1000111000 1110010101 0101000111 1001101101 0011110010 0000001010
4 10
1101100000 1101101111 1101111111 1100111000
0110111000 0111111111 0111101111 0111100000
3 5
00010 00000 10000
10010 10000 00000
7 6
110010 001010 110000 010111 011010 010010 000000
011101 101010 010111 101111 101100 011111 011100
2 8
10010101 10110101
00100000 00000000
10 10
0010101110 1101011101 0011100110 0111011100 0100110011 1000111001 1000010011 1100000011 0111101000 1011000100
0011101011 1100011100 1010000101 0100111110 0000000100 1111100001 0000110000 1111001011 1011011011 0101110110
10 10
1000000011 1100100000 0011100100 0110001110 1011001011 1101011101 0001111111 0111110010 1110111000 0000010101
1010111000 1111001011 1001011101 0010001110 0011110010 0100010101 1000100000 0101111111 1100000011 0111100100
8 9
111000010 001010111 010010110 001001011 001011011 000010101 101111000 011001010
110011000 110000100 110001000 010101011 100011001 111000110 000010001 101000101
10 10
1110001110 0011010101 0111011000 0000010001 1000101110 1111010111 0110100110 1101110010 0001101001 1000101001
1100001101 1110110001 1000000000 1111001001 0111110110 1001111110 0111110001 0000001111 0010101010 0001010110
3 7
1100001 0011111 0111100
1110111 1100000 1100100
6 5
11001 11110 00001 00110 01110 01001
01110 10110 00110 01001 00001 10001
7 10
1010100101 1110001111 1101101001 0111101001 1111111100 0011001011 0001011111
0011011111 0001010000 1011111101 0111000101 0111010110 0001001000 1111101101
8 9
011000011 100010001 110010101 001001010 110010001 001000011 011000111 100011000
100110000 001100110 001100010 011101111 100110100 110110100 110111101 011100110
10 10
1001100101 0110111011 0000010100 0101000110 1110001000 0010110010 1011110110 1100001111 1101101001 0011011001
1111111011 0111010100 1000001111 1010101001 0100110101 0110110010 0001001011 0011011000 1100000110 1001100100
2 6
100100 010010
001010 010111
4 6
111011 011011 111101 011101
101001 001111 101111 001001
8 8
10001101 11111111 01110001 11101011 11000010 00010101 00010001 00110111
01011101 01001001 11110110 01000000 00101001 11001010 11001111 11010001
10 9
100101111 000000110 001000010 111100000 001001110 011011100 111000101 111111000 100001111 111010101
100001110 011110000 111011001 010110100 000101010 010111000 100110011 100010110 100100011 111111001
3 8
01101100 01111100 11010011
00110001 00101010 10110110
3 5
00000 10101 10001
10010 00000 01010
10 10
0001011010 0110000000 0110001011 0111100100 1100100101 0001110110 1000110101 1100001101 1011111011 1011011010
0100000000 1101101111 1001010111 1110100001 0011011010 0100101100 0010111110 0011010001 1001111111 1110000000
6 5
01110 01101 10000 11000 00010 10101
00111 11010 01000 10010 11111 00100
7 10
0011101100 0011011011 1011111011 0010010100 0011111111 0111101110 1111111110
1101110110 0101100110 1001110011 0001100100 0001110111 0000011100 0001010011
10 10
0111000100 0000000001 0010111100 1000101111 1101010011 1101000011 1010111110 0110100110 1001011000 0111111001
1110110010 0100110101 1011001010 0011001000 0000101110 1001110111 1111010000 1110001111 0100100101 0001011001
10 10
0010110001 1101110101 1010110010 0110101011 1110001110 0001001100 0101001111 0000010000 1011100010 1101011101
1000010100 1011101111 0100101101 0000101110 0011001010 1000111100 0101110001 1111010011 1110000011 0111010000
10 10
0000011010 0101001010 1011010110 1111101111 1011111001 0100100001 1001101100 0000110000 1110000101 0110010111
1011100010 1111011001 0000101110 1011001000 0010010100 0100010111 0000000001 1101101111 1110110010 0101111101
4 9
011101010 111010100 101100110 111110011
010001101 100000001 000011000 000111111
4 6
111001 010110 010100 111011
111011 111001 010100 010110
10 10
1101110010 0111001100 1011001101 0000001111 1101110001 0011111010 1010111010 0000000001 1110010101 0100100110
0011000011 0011001101 1110110000 1001111000 0000111000 1110110011 0111100100 0100001110 1000001111 1101010111
6 10
1100100100 1100000100 0011001110 1010100110 0101001100 1010000110
1100110101 0011111111 0101111101 1100010101 1010110111 1010010111
4 10
1010011110 0001011010 1101010010 1111111110
1111111111 0011110111 0100111011 0001011011
8 10
1011001000 1101001111 0111111010 1100100100 0100100100 0011001000 0101001111 1111111010
0010010110 1010010110 1011111101 0011111101 0001001000 0101111010 1101111010 1001001000
10 10
0100110001 1110100001 0011101110 1101101110 0001011010 1111010001 0000011000 0011100101 1110011111 1000000110
0000100101 1001111001 0010010001 0101001110 0001100111 0010011010 1110101110 1111011110 1100010001 1111100000
2 8
00110010 10001010
11001000 01110000
5 8
10010011 01100100 01111010 01010110 10100110
00011000 11001010 11011011 00111011 11011000
10 10
1010110011 1100011110 0000101001 0111010111 1110011000 0111100100 0001110000 1000001111 0011101000 1101000111
0001110111 1111000110 1000001011 0011110001 0111100000 1100000111 1000111000 0101011100 1110011111 0010101000
2 5
00011 10010
00101 01001
6 3
110 000 001 111 100 101
111 100 110 101 000 001
6 3
100 010 011 110 000 001
111 001 101 000 010 011
9 6
100111 101011 010110 010010 111001 000100 110001 001011 111010
100100 010001 000111 111001 111010 010101 101000 110010 001000
10 10
1100000110 0010100011 1011111101 0100111000 1100001110 0010100111 1011010000 1101111101 0111010011 0001001000
1010000000 0100100001 0100101001 0101011010 1111110100 1010000100 0011110111 1001101111 1100011111 0011011010
10 10
0110001000 1001011101 0111000010 1000111011 1110100110 0100010010 0001110100 1011101101 0111100011 1000011101
0001100111 1111110010 0001000001 0010010111 1101101000 0000100111 1110111000 0111011100 1110011001 1000001110
10 10
1100111010 0010000100 1111101000 0111000111 1001010111 1001111000 0100000011 0011001001 0110110101 1000111110
1101011101 1110001111 0101110010 0000110001 0100000000 1010001011 0001111100 1011100010 1011001101 0110110110
1 3
111
110
10 10
0110101001 1000101010 1101110110 1011011100 1001000111 0010110000 0110010001 0111100101 0000011111 1101001010
1110101011 1000100101 1001010001 0101101000 0011000010 1000011101 0110011110 0011111110 1100000100 0111110011
6 10
1111011001 1001101100 1100000110 0101100010 0011101110 1000000010
0101101111 0111010101 1011011001 1100110101 0010000111 1010100110
2 3
111 101
110 100
1 6
110111
100101
6 7
1011001 1001000 1111000 0000011 1010001 1011110
0010000 0011000 0001001 0011111 0111001 1000010
8 8
01100111 11001000 00110110 01100010 00000101 10101100 00111010 00000010
11011101 00000110 01000000 10110101 00001001 01000001 11100001 11101000
5 7
1000100 0111110 1110110 1010011 0100101
1111111 1011010 0110111 0101100 1001101
2 7
0101100 0101000
0010011 0010111
10 10
0101110010 1000100010 1100010101 0010001111 0111111110 1001100001 1101011100 0010110000 1010001001 0111001111
1001111100 0011101110 1000111111 1011010111 0011010001 0110100000 0100101100 1100000010 1101001011 0110010001
1 10
1111111100
1100101111
10 10
1011000101 1110101001 1101100011 1111011110 0010100000 0100101111 1000011100 0000010010 0001011111 0111110000
0100111001 1111001000 0001001001 0010110110 0000000100 1000001010 0111100110 1110111111 1101110101 1011010011
10 10
1010010010 0001011000 0011001101 1101111001 1110111110 1100101010 0111010101 1110100110 0001000111 0000100001
0101100110 0001001010 1110110011 1000100001 0011011110 1110101100 1111010101 0010001101 1100111001 0001010010
10 6
001000 100100 101101 100001 110011 000000 001110 111001 101011 100010
001110 101111 001011 001101 000100 011100 010110 100001 000010 100111
10 10
0010011100 1000110111 1110100011 0111001110 0101000011 1011110000 1001000001 0100101100 1101111110 0010011001
0111111011 1110010110 0010101001 1101001011 1011000101 1001110100 0100011001 1000000010 0010101100 0101110110
1 6
011011
111010
10 10
0110100000 1000011101 1001110110 0111111001 0010100000 1000011011 1111010110 0101000011 1101101101 0010001110
1100011010 0011010111 1000011010 0001101100 0110100001 1100110100 0111001100 1001000011 1011111001 0110100111
10 10
0100111111 0101100100 1010010010 1110101110 0001100011 0110001101 1001010010 0011011001 1101110100 1010001001
1001111111 0110100000 1010010110 1110010001 0001011100 0101111011 1100101011 0010000110 1011001101 0101100000
