40
10 1 4 1 2
4 6 1
6 9 2
12 1 2 4 1
6 12 1
20 1 3 20 5
0 4 5
4 8 4
8 12 3
12 16 2
16 20 1
12 1 2 2 1
6 12 1
12 1 2 3 1
6 12 1
12 1 2 5 1
6 12 1
12 1 2 6 1
6 12 1
100 3 7 5 1
0 100 10
100 1 10 1 20
0 5 40
5 10 50
10 15 40
15 20 50
20 25 40
25 30 50
30 35 40
35 40 50
40 45 40
45 50 50
50 55 40
55 60 50
60 65 40
65 70 50
70 75 40
75 80 50
80 85 40
85 90 50
90 95 40
95 100 45
1 6 8 1 1
0 1 16
100 2 3 1 1
48 100 1
100 1 15 2 20
3 4 16
7 8 8
8 15 1
15 16 14
26 28 12
28 29 14
29 30 11
30 31 17
31 33 17
38 41 10
41 43 12
43 45 1
48 50 4
50 54 9
82 83 14
83 84 1
85 90 4
91 98 10
98 99 8
99 100 3
100 4 7 11 20
3 6 6
6 12 2
12 19 2
28 31 6
44 47 6
47 48 5
52 53 8
53 55 2
55 56 3
57 61 4
61 65 3
65 71 2
75 78 8
79 84 6
84 86 5
86 87 7
88 91 5
91 92 6
95 98 3
98 99 8
100 1 4 39 20
1 3 5
3 11 1
16 18 5
18 19 1
19 21 1
22 23 2
25 26 1
26 30 3
30 32 5
41 42 2
42 49 2
52 58 5
60 61 1
63 66 1
69 70 4
70 71 5
72 77 2
92 94 3
94 97 1
97 98 3
100 51 76 100 20
1 2 40
2 3 8
11 12 57
13 14 58
14 18 68
18 20 16
20 21 3
33 34 17
36 39 88
39 40 19
56 58 1
58 62 73
64 71 15
71 80 15
80 83 48
83 91 93
91 93 95
93 94 53
94 97 81
97 100 88
75 1 2 27 8
23 36 2
36 39 1
39 55 2
55 61 1
61 63 2
63 67 2
67 70 1
70 75 1
85 84 100 1 11
2 3 73
3 4 23
6 9 34
9 12 55
15 23 21
23 25 79
34 39 24
39 48 76
68 73 77
73 75 85
75 85 95
100 4 5 9 20
1 3 8
11 12 6
12 14 3
18 20 6
21 22 2
22 23 7
28 32 8
37 38 2
39 40 5
44 45 9
49 51 9
54 58 6
58 65 7
71 73 1
73 80 5
81 85 6
85 87 2
91 92 9
92 93 1
99 100 8
100 3 4 18 20
5 8 3
11 12 4
12 17 3
17 18 3
18 19 1
22 38 3
38 39 4
39 42 3
43 44 2
48 50 3
50 51 1
51 62 3
68 70 2
70 72 4
77 78 3
83 84 4
84 86 4
89 91 1
95 96 2
96 98 2
100 1 3 49 20
2 4 3
4 8 3
9 11 2
16 18 2
18 19 3
19 20 3
22 25 3
25 27 3
34 37 3
37 39 3
39 47 2
47 48 2
48 49 3
62 66 2
66 68 1
69 70 1
70 74 3
74 75 3
90 91 3
92 97 2
100 2 3 100 20
1 2 1
5 10 1
10 13 1
14 15 3
16 19 1
19 20 4
28 32 1
32 36 2
36 39 2
39 40 1
43 44 3
49 51 3
51 53 2
53 55 1
55 56 1
63 64 3
64 65 1
65 67 1
67 69 1
89 91 4
88 1 2 39 16
2 8 1
8 9 2
9 16 2
16 19 1
20 23 1
24 27 2
27 28 2
28 29 2
29 33 2
33 37 2
38 41 1
41 46 1
46 50 2
61 64 1
65 66 2
82 86 2
78 54 100 1 12
0 1 28
1 3 56
9 18 23
18 21 27
21 23 5
27 32 43
32 37 34
37 49 55
49 51 3
51 62 58
62 70 35
71 72 63
100 19 26 2 20
7 9 3
16 18 7
18 19 28
19 23 26
23 24 6
24 25 8
31 33 1
38 39 32
43 45 5
47 49 11
49 51 24
51 52 24
61 62 33
62 63 23
63 66 34
66 69 27
69 70 4
71 73 18
81 82 1
82 84 28
100 73 74 1 20
4 5 10
11 13 80
15 17 77
17 21 1
21 22 3
25 30 70
31 32 72
35 37 15
37 38 66
53 54 67
54 56 47
56 60 62
60 68 66
68 71 34
81 87 50
87 89 77
90 96 54
97 98 10
98 99 43
99 100 53
100 2 3 30 20
11 15 1
15 16 1
16 18 2
18 19 4
19 31 2
31 33 4
33 34 4
36 38 3
38 40 2
40 42 3
53 54 1
54 55 3
55 57 2
57 59 2
60 62 3
62 64 2
67 68 1
75 79 4
86 87 4
97 99 4
100 8 33 100 20
8 12 52
14 18 38
22 23 24
23 26 19
26 33 7
33 35 36
35 36 35
43 46 49
46 48 66
58 62 48
62 64 3
65 66 13
66 68 32
68 73 62
73 75 68
80 81 10
82 84 14
90 91 63
93 94 9
96 98 35
53 1 2 21 4
7 22 1
26 29 1
29 40 2
48 53 1
79 80 100 1 20
0 3 54
3 5 71
5 6 81
6 7 76
8 20 88
20 21 76
21 26 11
26 29 71
31 34 72
34 37 61
37 40 84
40 45 20
45 46 44
46 47 53
47 49 79
49 50 65
50 53 69
55 56 24
56 58 86
58 65 51
69 12 13 4 11
15 16 14
16 21 14
21 24 7
24 25 1
25 26 7
26 29 17
29 32 17
32 40 2
40 43 2
43 45 1
62 69 8
71 3 4 13 17
0 3 4
3 12 2
12 13 3
17 21 2
24 26 1
26 27 4
29 40 3
40 41 2
41 42 2
42 47 4
47 50 1
50 51 2
51 54 4
56 59 3
59 62 4
62 69 1
69 71 3
66 1 2 23 8
10 20 2
24 25 3
25 36 3
36 48 1
48 51 2
54 60 1
60 62 3
62 66 2
69 4 5 13 3
42 51 2
51 54 5
54 65 1
63 1 2 24 4
4 8 2
8 16 3
16 38 1
38 63 2
52 40 69 1 11
1 2 77
7 10 84
10 15 14
18 20 42
21 22 64
22 23 4
29 34 46
34 37 44
37 38 63
38 44 19
44 46 88
66 5 16 4 18
8 16 5
16 17 2
17 19 12
20 21 16
23 25 16
25 29 18
29 30 10
30 35 2
35 36 7
36 37 6
38 42 19
42 48 2
48 49 7
49 50 20
57 58 8
59 62 17
62 65 4
65 66 3
69 4 11 4 17
3 4 2
4 7 14
7 8 8
8 10 25
10 12 3
18 20 32
31 33 19
33 36 11
36 38 13
40 41 17
41 43 9
43 45 26
45 46 11
46 53 14
53 57 31
57 58 32
67 69 23
86 3 4 16 11
24 26 3
26 29 3
29 35 4
37 38 3
38 39 4
39 42 4
42 49 4
50 63 1
63 76 2
76 81 1
81 82 4
74 6 27 4 8
2 7 8
7 13 3
13 14 16
14 28 19
28 38 3
38 40 9
40 46 23
56 71 2
59 1 3 18 1
48 58 1
