20
6 7 2
1111111
1122271
1211521
1329131
1242121
1122211
3 3 7
123
234
345
10 10 100
9999999999
9999999999
9999999999
9999999999
9999999999
9999999999
9999999999
9999999999
9999999999
9999999999
10 10 58
8462656460
1136554022
3464656437
4545364433
5423534483
6555343642
2545844510
2744753519
8031666500
9407221615
10 10 66
9924233031
4248647698
5700767526
2456009424
7861835614
6837915689
2339949101
5724009560
1396207968
0016922152
10 10 31
1186138266
6697719326
9498070011
5223492176
7524038241
3577787773
8582830407
8731294367
1959496656
1339840882
3 3 89
000
000
000
3 3 82
595
396
313
10 10 77
3643563731
5643645988
5673355683
4413384347
6373546871
4637544421
9563558982
8459948037
1207192354
4459844662
10 10 66
6933294464
8408921871
2964901307
0785206662
2662485782
0016427879
5983405093
3191451130
5328091970
0409941650
10 10 87
1935278395
8878074470
0952354114
9435634523
5016445468
7294476355
6896365450
4836534562
0072365443
3014286279
10 10 68
8109749755
7670292408
8455444584
7548436352
5642553463
5455455558
5466346634
5524537451
0565453550
5246337464
10 10 86
9163894338
3271405231
4880508900
7033544997
0217550105
2443413205
4978424843
7470338368
9025366818
4583526930
10 10 47
4216810175
4065458101
4108122696
8840451277
7741523759
9573251477
7721540488
6962218014
1018545604
5710186124
10 10 85
3872189391
5550326878
3285637064
1048458518
7305957796
6960873688
2605244927
7442506644
2378069039
8759503917
10 10 74
7345356346
9578468569
5135115015
6335337335
8579468468
4034014023
7346346346
9457558459
4123024024
7247235346
10 10 51
4407684506
7053744464
9099160082
2285143693
2948434172
5936862082
2342886147
4880835243
5140928127
3609887693
10 10 100
8088117599
7112255073
7704020939
5194115087
0601828555
0250875018
2611024833
5515810695
3198478909
9250564069
10 10 12
2321027005
8472950963
6656161231
7018490106
8420207718
8177020248
6010948107
1321616566
3690592748
5007201232
10 10 63
1459600911
9281195851
0737643322
6065758997
3698634286
6824368963
7998575606
2233467370
1585911829
1190069541
