99
2
2 1
3
1 3 2
4
2 1 4 3
4
1 2 3 4
4
1 2 4 3
4
1 3 2 4
4
1 3 4 2
4
1 4 2 3
4
1 4 3 2
4
2 1 3 4
4
2 1 4 3
4
2 3 1 4
4
2 3 4 1
4
2 4 1 3
4
2 4 3 1
4
3 1 2 4
4
3 1 4 2
4
3 2 1 4
4
3 2 4 1
4
3 4 1 2
4
3 4 2 1
4
4 1 2 3
4
4 1 3 2
4
4 2 1 3
4
4 2 3 1
4
4 3 1 2
4
4 3 2 1
13
1 2 6 5 3 8 7 13 9 10 11 12 4
2
2 1
49
27 2 8 20 33 42 7 16 9 10 43 12 32 25 26 31 6 18 24 23 21 44 47 3 4 37 48 1 41 30 5 14 15 13 35 28 11 38 39 40 45 36 19 46 22 29 34 17 49
18
1 2 3 16 5 6 7 8 9 10 11 12 13 14 15 4 17 18
38
1 2 3 4 5 6 7 8 9 10 11 12 13 14 15 16 17 18 19 32 21 22 23 24 25 26 27 28 29 30 31 20 33 34 35 36 37 38
3
1 2 3
41
32 30 14 21 3 20 41 29 2 38 27 13 11 16 1 19 40 8 10 12 17 5 23 33 34 26 15 6 9 22 28 7 25 18 36 37 31 24 39 4 35
2
2 1
34
1 27 3 32 26 6 2 8 30 29 33 15 14 18 5 16 7 4 19 20 9 22 23 24 25 11 17 34 28 10 31 12 21 13
1
1
2
1 2
11
1 2 3 4 8 6 7 11 9 10 5
12
12 1 6 4 2 5 7 10 11 3 8 9
1000
1 2 3 4 5 245 7 249 9 10 11 12 117 14 15 16 17 18 19 20 21 22 23 24 25 26 27 28 29 30 31 32 33 34 35 36 37 38 39 40 41 42 43 44 45 636 141 48 49 50 51 52 53 54 55 56 57 58 612 60 61 62 63 230 758 66 67 68 847 70 71 72 73 74 75 76 77 78 79 638 81 82 83 84 85 487 87 88 89 90 91 92 93 94 95 96 97 98 607 100 101 102 103 104 382 106 107 108 109 110 111 112 113 114 115 871 13 345 135 120 121 122 123 124 125 126 127 128 129 130 131 279 133 134 119 136 197 138 139 196 47 142 143 709 145 146 147 148 149 150 151 152 153 154 945 546 182 158 258 160 161 162 163 164 165 166 167 168 169 170 171 172 202 174 175 176 177 178 326 180 181 157 183 184 185 186 187 188 310 722 191 192 193 194 195 140 137 198 870 200 201 173 203 204 205 206 207 510 209 210 211 212 213 399 215 216 217 218 219 220 555 391 223 224 454 226 507 228 229 64 231 232 233 234 235 236 250 238 239 271 241 242 243 244 6 915 247 248 8 237 251 745 253 886 255 256 257 159 259 260 261 262 303 264 265 266 727 268 269 270 240 272 273 459 275 276 277 278 132 280 341 282 283 284 285 286 287 966 289 290 724 292 293 294 614 296 297 298 299 471 594 627 263 304 305 306 307 308 309 189 311 312 481 314 315 316 317 318 319 320 321 952 323 324 325 179 723 328 329 330 331 332 333 423 335 336 337 338 339 340 281 342 343 344 118 346 347 348 349 350 351 352 353 354 355 844 681 358 368 360 361 362 363 364 365 366 367 359 369 370 381 372 373 374 375 376 377 378 379 405 371 105 383 384 385 386 387 388 389 390 222 392 958 394 395 605 397 398 214 400 401 402 403 470 380 406 407 408 409 410 411 412 413 414 415 416 417 418 419 420 421 422 334 424 425 426 427 428 429 430 431 432 433 434 435 436 437 438 814 440 441 442 443 444 445 446 447 699 830 450 451 452 453 225 455 456 457 458 274 460 461 571 463 464 465 904 467 468 469 404 300 472 473 933 475 476 477 478 479 480 313 482 483 484 485 486 86 488 489 490 491 492 493 494 495 496 497 498 499 500 501 754 503 504 505 506 227 508 509 208 511 512 513 514 515 516 640 518 519 520 521 522 523 649 525 526 527 528 529 530 531 532 533 534 535 549 537 538 869 540 541 542 543 544 545 156 547 548 536 550 551 552 553 554 221 556 557 558 559 560 561 562 563 564 565 566 567 568 569 570 462 572 573 574 575 576 577 893 579 580 581 582 583 584 585 705 587 588 589 590 591 680 593 301 595 596 597 598 599 600 601 602 603 604 396 606 99 608 609 610 611 59 613 295 615 616 617 618 619 620 621 868 623 624 625 626 302 628 629 630 631 632 633 733 635 46 637 80 875 517 641 642 643 644 645 646 647 648 524 650 651 652 653 654 897 656 657 782 659 660 661 662 663 664 841 666 667 668 669 670 975 672 673 674 675 676 677 678 679 592 357 682 683 684 685 686 687 688 689 690 691 692 693 694 695 696 697 951 448 700 701 702 899 704 586 706 707 708 144 710 711 712 713 714 715 716 717 954 719 720 721 190 327 291 725 726 267 728 729 730 731 732 634 734 735 736 737 738 739 740 973 742 743 744 252 746 747 748 749 750 751 752 753 502 865 756 757 65 759 760 761 762 763 764 765 766 767 768 769 770 771 772 773 774 775 776 777 778 779 780 781 658 783 784 785 786 787 788 789 790 791 792 793 794 795 796 797 798 799 800 801 802 803 804 805 806 807 808 809 810 811 812 813 439 815 816 817 818 819 820 821 822 823 824 825 826 827 942 829 449 831 832 833 834 835 836 837 838 839 840 665 842 843 356 845 846 69 848 849 850 851 852 853 854 855 856 857 858 859 860 861 862 863 864 755 866 867 622 539 199 116 872 873 874 639 876 978 878 879 880 881 882 883 884 885 254 887 888 889 890 891 892 578 894 895 896 655 898 703 900 901 902 903 466 905 906 907 908 909 910 911 912 913 914 246 916 917 918 919 920 921 922 923 924 925 926 927 928 929 930 931 932 474 934 935 936 937 938 939 940 941 828 943 944 155 946 947 948 949 950 698 322 953 718 955 956 957 393 959 960 961 962 963 964 965 288 967 968 969 970 971 972 741 974 671 976 977 877 979 980 981 982 983 984 985 986 987 988 989 990 991 992 993 994 995 996 997 998 999 1000
21
10 3 1 4 5 6 7 8 9 16 11 12 13 14 15 2 17 18 19 20 21
1000
383 521 3 643 779 6 7 8 326 10 477 303 13 642 766 16 17 18 19 20 987 22 389 84 419 26 405 28 29 669 31 32 367 34 35 512 37 38 39 40 41 653 43 645 768 46 784 805 49 50 809 52 53 54 55 677 400 58 59 60 61 62 476 64 65 66 67 68 69 844 174 674 73 74 197 914 77 442 79 80 81 248 83 24 85 119 87 654 815 562 640 92 93 94 95 187 355 98 399 100 101 102 103 104 549 840 622 108 973 505 111 947 143 918 115 116 117 406 86 120 121 415 123 455 125 126 127 128 129 130 131 149 133 486 135 136 615 138 941 140 938 519 113 144 1000 551 147 337 132 154 151 902 153 150 613 156 514 158 159 855 286 361 795 664 510 166 175 168 813 788 854 915 173 71 167 592 770 178 179 180 717 182 818 184 384 629 96 188 189 362 943 192 474 194 195 267 75 290 351 298 201 479 625 204 526 206 363 208 209 210 480 212 217 214 215 216 213 388 517 220 221 742 223 224 725 226 749 544 582 230 817 232 233 234 235 236 237 238 311 240 782 242 243 244 245 791 492 82 249 250 430 988 253 254 255 289 257 258 631 260 261 262 263 264 265 266 196 850 601 342 271 542 273 274 482 301 443 278 279 280 538 282 283 490 285 161 287 288 256 198 291 292 776 901 429 296 297 200 396 300 276 937 12 380 305 306 506 308 309 310 239 312 837 942 773 316 981 633 319 497 528 322 323 604 325 9 327 328 329 421 331 332 989 334 335 336 148 338 925 411 341 270 343 344 345 346 919 348 349 350 199 352 353 675 97 356 357 358 718 360 162 190 207 930 365 366 33 368 369 370 371 728 655 374 375 376 439 378 379 304 381 382 1 185 464 386 387 218 23 390 391 890 393 394 395 299 397 398 99 57 401 402 738 494 27 118 407 408 409 410 340 412 413 649 122 416 417 823 25 944 330 422 423 424 425 426 767 428 295 251 431 711 433 812 891 436 437 438 377 440 888 78 277 797 710 446 969 609 449 450 451 452 453 454 124 730 457 458 459 679 678 863 463 385 465 466 470 825 759 467 584 472 473 193 475 63 11 478 202 211 495 275 483 596 485 134 487 488 690 284 491 247 493 404 481 496 320 879 499 500 501 502 503 504 110 307 507 508 536 165 511 36 513 157 515 589 219 518 142 520 2 522 523 524 525 205 527 321 529 530 531 532 533 610 535 509 992 281 753 689 821 272 708 228 545 546 547 548 105 550 146 552 553 600 555 998 557 558 559 560 660 90 563 564 565 566 567 568 569 570 787 572 573 574 575 576 979 578 579 580 688 229 583 471 585 586 950 588 516 616 591 176 593 764 595 484 971 598 599 554 269 602 603 324 605 726 697 608 448 534 611 612 155 614 137 590 617 618 619 620 621 107 623 736 203 626 731 834 186 630 259 705 318 634 635 636 637 638 639 91 641 14 4 644 44 686 647 648 414 650 651 652 42 88 373 656 657 658 659 561 661 662 663 164 665 798 667 668 30 670 671 672 673 72 354 676 56 461 460 680 681 682 777 684 685 646 687 581 540 489 691 970 693 694 864 976 607 994 866 700 701 702 703 704 632 706 780 543 709 445 432 830 713 714 715 792 181 359 719 720 721 722 723 724 225 606 727 372 729 456 627 745 733 734 980 624 737 403 739 898 741 222 743 744 732 746 927 748 227 829 751 752 539 754 755 756 757 758 469 920 761 762 763 594 765 15 427 45 769 177 907 772 315 832 775 293 683 778 5 707 781 241 783 47 785 786 571 170 789 790 246 716 793 881 163 796 444 666 799 800 801 802 803 804 48 806 807 808 51 810 811 434 169 835 89 816 231 183 872 820 541 822 418 824 468 826 827 828 750 712 831 774 833 628 814 836 313 838 957 106 841 842 843 70 845 846 847 848 849 268 886 852 959 171 160 856 857 858 859 860 997 862 462 695 865 699 867 868 869 870 871 819 873 874 875 876 877 878 498 880 794 882 883 884 885 851 887 441 889 392 435 892 893 894 895 896 897 740 899 900 294 152 903 904 905 906 771 958 909 910 911 912 913 76 172 916 917 114 347 760 921 922 923 924 339 926 747 928 929 364 931 932 933 934 935 936 302 141 939 940 139 314 191 420 945 946 112 948 949 587 951 952 953 954 955 956 839 908 853 960 961 962 963 964 965 966 967 968 447 692 597 972 109 974 975 696 977 978 577 735 317 982 983 984 985 986 21 252 333 991 990 537 993 698 995 996 861 556 999 145
19
4 10 9 7 11 6 16 1 3 5 2 12 15 14 17 8 13 18 19
999
976 912 213 788 691 568 502 453 494 849 205 212 754 146 258 68 407 252 624 974 217 423 753 722 109 481 179 234 908 199 876 847 345 884 840 280 401 822 700 738 276 443 811 93 24 122 828 889 144 77 290 224 40 730 216 844 521 654 159 659 545 446 486 842 887 975 692 370 299 761 579 450 534 778 128 741 902 321 566 635 883 162 773 789 978 346 425 151 301 818 556 690 709 256 920 286 96 184 895 518 91 288 573 177 41 533 667 127 409 825 405 394 406 972 538 136 867 682 833 615 22 622 860 719 490 312 489 156 25 763 410 977 631 28 594 750 304 194 934 600 950 998 637 434 281 92 174 838 527 827 517 88 731 353 772 668 26 249 626 868 676 879 541 326 287 95 456 315 706 392 985 484 607 567 576 969 365 767 123 264 322 688 94 282 360 278 909 45 809 375 397 455 506 61 60 411 530 483 342 649 362 675 496 239 798 572 793 432 961 524 855 927 942 477 644 933 219 583 848 997 986 296 197 349 134 900 18 771 960 473 515 115 329 319 178 58 926 973 714 214 424 408 966 728 46 696 336 716 562 940 596 495 557 43 415 137 332 491 963 37 873 240 418 571 548 227 1 145 9 253 196 260 994 829 739 447 150 904 532 947 503 871 284 550 987 297 967 931 428 472 655 373 182 937 765 650 48 99 389 229 412 737 540 834 328 715 684 513 979 192 15 554 437 313 962 131 320 4 590 427 400 114 257 508 372 679 938 875 748 469 774 930 929 968 129 862 458 230 869 173 259 991 183 398 158 417 681 852 63 500 108 956 113 306 359 555 461 831 231 783 337 460 90 592 223 810 936 640 254 160 165 210 857 563 172 850 661 870 451 932 806 531 117 836 14 497 189 492 641 613 547 86 479 885 807 760 577 780 916 29 215 971 694 155 697 110 632 289 391 33 558 881 236 206 787 574 393 958 617 578 448 139 54 13 340 636 740 758 982 721 794 52 62 11 619 59 356 396 522 307 501 75 511 141 680 652 168 907 877 5 751 34 584 734 203 618 385 981 277 924 120 672 64 103 404 130 291 85 163 53 325 585 374 348 965 935 620 687 478 914 466 808 387 65 712 181 880 323 766 642 331 261 416 106 20 317 56 112 333 597 377 175 413 587 713 67 488 906 242 21 116 708 702 707 198 549 826 897 135 824 384 164 101 535 769 422 621 439 449 703 250 462 791 901 274 78 17 334 8 32 858 882 201 19 686 964 601 598 894 10 989 161 104 685 485 910 796 859 746 698 648 863 167 957 386 270 100 440 355 801 657 6 69 799 153 720 381 193 528 293 209 237 569 436 941 247 523 784 917 786 839 273 330 552 536 459 499 553 988 105 663 316 581 611 138 87 664 302 911 454 463 246 959 890 309 341 651 996 79 272 653 358 465 628 952 195 430 269 633 821 866 993 665 660 292 244 233 609 39 785 480 169 841 474 565 255 363 575 856 31 442 55 656 350 220 361 768 864 294 170 586 845 699 429 438 995 12 903 3 263 861 464 781 476 949 955 639 724 564 467 525 89 298 369 747 126 606 339 148 395 81 570 435 756 588 376 271 823 732 646 433 913 853 414 749 76 744 140 830 817 560 16 186 403 50 314 790 98 954 846 854 764 803 279 390 470 266 775 745 344 623 452 603 804 238 616 802 327 820 142 84 482 580 725 475 300 874 951 222 200 878 243 308 705 335 851 743 727 267 347 493 487 305 645 943 371 915 176 364 35 379 49 133 701 629 990 886 124 899 118 420 519 726 516 47 561 235 605 630 262 742 671 693 188 812 944 187 593 815 388 948 595 953 324 285 107 351 610 984 539 51 149 625 382 357 171 468 782 542 529 498 591 762 504 805 295 717 992 73 945 27 185 612 441 426 191 669 939 211 816 627 72 248 546 704 514 241 922 779 589 970 132 445 180 923 710 2 752 776 57 23 154 275 157 208 383 800 526 378 143 819 505 510 928 634 80 757 677 265 44 402 666 207 303 202 718 837 733 759 310 843 245 125 225 735 647 604 658 662 643 221 921 813 898 70 36 770 42 471 283 614 559 543 444 251 723 509 711 599 147 7 457 102 736 673 999 119 925 421 343 507 66 695 814 797 777 83 729 544 380 893 71 232 795 419 226 30 204 582 431 74 674 352 367 218 318 792 891 338 366 512 946 872 166 919 678 835 670 905 228 638 97 551 152 399 121 111 918 608 602 368 896 38 520 755 683 865 892 354 980 82 537 888 689 190 983 311 832 268
21
20 15 14 4 16 6 21 2 13 3 17 12 10 8 7 5 9 18 19 1 11
3
2 3 1
20
16 11 5 20 14 17 19 7 8 3 4 12 18 9 6 15 13 1 2 10
25
1 2 7 4 5 6 25 8 9 10 11 12 3 14 15 16 17 18 19 20 21 22 23 24 13
2
2 1
3
3 1 2
996
1 2 429 71 547 650 728 819 918 568 760 919 13 240 237 16 924 936 19 20 208 22 721 24 334 26 27 28 330 553 642 32 139 30 500 91 37 557 608 226 41 42 943 39 736 602 356 520 521 50 21 834 53 54 980 949 57 58 59 610 981 174 260 64 287 66 932 450 69 825 620 965 560 74 771 148 788 78 79 125 540 189 858 216 661 86 427 628 310 111 317 92 93 102 942 715 720 785 99 589 101 187 134 104 233 770 107 97 179 178 798 112 800 114 115 676 161 267 357 434 133 70 657 118 415 126 910 408 129 130 131 692 373 236 377 232 137 336 158 829 141 142 143 144 121 393 827 425 149 362 928 299 359 595 435 987 157 586 159 160 677 418 163 164 166 375 772 761 298 4 171 229 173 416 152 176 207 866 479 487 960 182 183 307 993 322 745 494 927 629 94 664 619 203 615 196 718 691 809 200 477 202 303 98 755 551 451 219 209 546 332 212 679 214 14 805 704 108 758 220 221 902 567 903 609 660 895 193 601 230 276 486 138 833 591 950 807 956 239 891 241 63 983 132 654 449 247 36 737 250 504 742 199 583 592 154 117 145 409 268 261 822 257 264 265 402 204 128 269 484 786 988 285 498 275 696 277 278 172 280 281 201 681 284 321 211 379 767 289 488 808 222 293 294 272 296 399 469 96 300 901 288 396 935 347 306 946 887 309 448 311 312 210 314 665 897 255 135 319 320 792 279 323 796 828 52 327 328 386 185 331 729 428 921 335 270 62 875 712 799 533 342 343 511 708 346 726 283 349 973 727 89 452 354 192 780 252 358 282 360 707 594 550 315 105 366 367 617 400 370 777 852 76 380 850 376 587 378 774 912 381 693 383 384 979 549 958 388 955 206 391 925 235 348 939 781 397 687 750 867 530 392 403 937 836 464 536 764 874 614 635 421 413 414 243 420 8 922 419 263 184 422 423 806 603 426 572 562 802 430 431 623 12 445 597 433 639 566 248 72 634 855 640 444 345 446 447 561 259 860 390 5 45 574 338 456 454 443 911 460 167 491 463 10 996 352 175 468 344 470 471 476 515 613 886 621 626 103 489 480 658 719 483 292 186 683 65 575 368 706 838 931 765 411 495 535 81 908 499 811 564 509 503 517 505 506 507 508 526 15 490 512 513 933 3 516 982 518 519 227 964 522 523 820 525 316 527 84 529 324 31 622 122 865 789 989 205 466 350 934 659 542 543 636 407 810 295 90 826 775 496 170 906 554 746 371 975 558 559 249 217 749 882 165 565 116 340 652 365 570 655 724 49 82 920 552 180 578 35 580 631 894 47 61 585 751 637 304 140 590 528 305 123 151 355 596 374 395 599 702 907 215 106 604 605 606 817 113 146 7 611 271 147 262 877 616 453 618 318 968 308 900 109 120 625 863 627 457 711 630 436 632 524 473 952 784 55 638 862 537 641 242 369 644 890 646 647 648 649 633 716 33 194 705 672 198 984 266 48 223 985 465 663 459 703 666 290 234 75 439 77 18 333 674 474 671 971 588 804 837 776 954 730 684 685 686 190 832 150 155 244 923 667 694 995 351 697 337 699 651 701 598 682 218 653 56 738 645 162 88 722 177 455 238 461 576 717 888 394 843 363 169 698 246 725 938 273 969 563 690 731 732 733 734 181 831 95 700 739 740 291 970 743 302 695 228 548 85 46 813 904 752 753 67 848 136 757 926 759 710 412 762 913 256 253 382 225 905 769 577 713 754 773 385 990 584 353 778 779 539 127 782 195 766 40 643 339 191 723 790 582 153 844 794 795 600 80 670 401 853 801 868 803 787 326 976 387 462 680 994 688 812 612 34 815 514 748 818 481 9 821 569 823 948 83 814 197 313 961 485 857 541 763 791 245 274 944 579 502 840 839 841 68 835 254 846 847 916 849 675 851 404 824 854 17 856 437 709 859 286 861 741 556 864 168 364 100 656 869 870 871 872 873 6 472 60 624 878 879 880 881 768 883 884 793 441 156 475 555 930 438 892 893 797 876 896 673 898 899 440 735 689 967 258 301 467 845 372 110 87 915 492 11 914 501 744 917 432 43 417 29 398 389 662 909 38 224 405 929 251 571 756 668 478 747 534 889 23 410 940 941 538 885 830 945 607 510 783 188 816 951 119 953 44 966 986 297 482 959 532 497 962 963 669 957 73 213 341 545 424 581 972 544 974 406 531 977 978 842 573 678 361 329 124 25 493 231 714 442 947 991 992 458 51 325 593
38
1 15 3 4 5 6 7 2 9 10 11 12 19 13 28 16 17 18 8 20 21 22 23 24 25 26 27 14 29 30 31 32 33 34 35 36 37 38
5
1 3 4 5 2
46
1 11 22 16 42 23 7 8 2 39 4 15 13 14 44 9 17 18 43 31 46 45 27 21 24 34 28 36 19 32 10 3 40 30 35 5 37 12 38 20 41 33 26 6 25 29
998
799 304 232 858 882 140 791 180 638 449 667 183 353 117 222 126 116 808 329 591 801 911 290 656 297 822 810 320 923 792 357 118 914 645 445 907 105 607 336 219 301 658 447 267 531 885 283 728 772 544 101 193 303 308 255 104 488 243 541 824 692 178 678 872 124 831 659 672 621 122 517 184 248 930 985 589 483 857 394 703 836 513 996 146 896 485 271 854 677 390 506 205 511 726 797 944 897 724 321 653 51 847 497 56 37 327 452 684 642 331 202 344 379 156 848 17 14 32 790 275 228 70 522 65 395 16 258 325 378 209 706 182 144 784 837 977 477 600 942 6 670 741 714 133 417 84 397 681 793 237 459 779 743 688 986 114 164 504 383 826 516 575 668 157 593 691 468 909 359 637 841 957 916 629 934 661 753 62 315 8 273 132 12 72 562 803 381 486 582 868 781 710 52 599 431 807 250 825 496 536 213 111 610 665 92 990 860 427 130 935 830 775 201 961 577 552 811 324 40 789 601 15 646 606 557 718 563 121 423 574 745 3 306 936 530 643 150 802 479 912 465 778 58 624 931 409 761 73 414 197 481 968 992 480 55 388 461 127 663 598 547 787 884 805 705 391 44 888 978 763 87 362 181 526 120 876 798 932 657 540 356 768 47 683 514 652 953 377 950 23 405 500 750 915 633 333 25 879 827 632 41 415 53 2 392 233 594 54 733 859 889 339 849 609 179 910 840 553 731 28 99 495 927 218 128 524 106 685 19 736 110 639 296 938 981 39 993 617 312 877 815 604 794 112 413 832 446 387 555 987 838 905 13 940 695 281 31 908 169 400 576 272 569 366 776 364 702 451 727 699 628 620 426 906 744 945 288 129 113 759 187 595 159 424 963 855 348 256 973 90 266 305 700 79 125 834 147 623 984 360 970 454 998 590 291 722 472 626 246 554 881 416 345 249 302 412 145 631 572 473 871 980 229 384 570 373 208 969 578 585 195 758 458 948 920 894 821 816 991 862 713 537 995 698 35 347 43 820 10 476 368 107 704 402 693 755 686 433 151 812 257 861 839 735 241 835 597 167 960 900 533 407 420 928 499 450 137 863 239 254 251 611 77 760 86 188 608 57 864 584 662 568 545 612 322 199 103 708 475 292 674 989 556 158 904 91 560 730 529 851 93 669 82 285 528 161 71 777 613 853 769 123 937 326 732 274 926 515 509 235 45 689 471 641 675 200 442 573 842 280 59 651 795 50 493 809 261 625 869 903 720 216 318 410 349 503 225 833 647 507 819 185 227 747 946 967 738 492 363 425 785 419 538 230 162 361 215 429 707 874 697 189 640 490 430 630 721 852 76 404 20 952 165 307 382 883 467 260 194 138 221 892 817 342 654 224 38 487 314 203 482 494 519 922 739 742 338 890 676 372 69 966 398 244 548 408 635 371 174 586 418 300 295 949 627 823 170 9 332 583 534 109 236 771 34 223 559 895 972 766 542 286 100 605 783 24 279 42 67 867 176 491 259 767 204 921 11 163 512 141 846 68 878 501 535 619 89 63 749 850 148 780 284 108 328 457 875 154 532 765 166 61 455 856 355 782 581 444 370 393 719 367 80 453 265 131 579 498 866 192 971 770 441 143 756 843 806 226 701 551 587 406 828 98 951 94 369 48 746 508 319 525 309 919 464 330 964 567 615 947 142 616 153 375 231 729 564 988 679 293 796 880 177 800 456 715 891 432 380 484 247 958 270 818 690 650 664 282 521 712 644 49 929 994 212 365 518 242 152 682 191 696 655 134 571 965 262 902 220 119 7 30 149 343 543 751 95 277 1 754 21 238 186 982 264 717 196 18 546 27 217 460 983 924 341 438 603 764 561 448 437 26 636 60 198 160 299 723 955 211 66 346 558 396 466 81 135 351 463 317 171 539 716 943 898 671 102 115 313 680 510 588 520 88 386 694 78 4 310 207 462 440 478 489 997 709 660 190 549 887 421 64 939 580 687 276 340 673 298 752 411 5 596 263 46 956 870 268 311 618 757 602 959 436 648 85 97 845 979 470 974 788 550 505 352 374 36 358 168 316 22 240 941 33 294 173 975 933 734 435 666 614 29 814 954 527 323 474 773 74 245 278 918 175 210 234 523 334 873 354 913 139 844 96 376 565 740 434 634 289 725 592 287 925 829 886 172 762 893 469 214 976 385 737 786 622 566 252 428 401 711 649 389 901 917 962 136 269 899 422 335 804 813 399 75 155 350 748 502 206 439 253 337 774 443 83 865 403
998
1 2 3 4 5 6 7 8 9 10 11 12 13 14 15 16 17 18 19 20 21 22 23 24 25 26 27 28 29 30 31 32 33 34 35 36 37 38 39 40 302 42 43 44 45 46 47 48 49 50 51 52 53 54 55 56 57 58 59 511 61 62 63 64 65 66 67 68 69 70 71 72 73 74 75 76 77 78 79 80 81 82 83 84 85 86 87 88 89 90 91 92 93 94 95 96 97 98 99 100 101 102 103 104 105 106 107 108 109 110 111 112 113 114 115 116 117 118 119 120 121 122 123 124 125 126 127 128 129 130 131 132 133 134 135 136 137 138 139 140 141 142 143 144 145 146 147 148 149 150 151 152 153 154 155 156 157 158 159 160 161 162 163 164 165 166 167 168 169 170 171 172 173 174 175 176 177 178 179 180 181 692 183 184 185 186 187 188 189 190 191 192 193 194 195 196 197 198 199 200 201 202 203 204 205 206 207 208 209 210 211 212 213 214 215 216 217 218 219 220 221 222 223 224 225 226 227 228 229 230 231 232 233 234 235 236 237 238 239 830 241 242 243 244 245 246 247 248 249 250 251 252 253 254 255 256 257 258 259 260 261 262 263 264 265 266 267 268 269 270 271 272 273 274 275 276 277 278 279 280 281 282 283 284 285 286 287 288 289 290 291 292 293 294 699 296 297 298 299 300 301 361 303 304 305 306 307 308 309 310 311 312 313 314 315 316 317 318 319 320 321 322 323 324 325 326 327 328 329 330 331 332 333 334 335 336 337 338 339 340 341 342 343 344 345 346 347 348 349 350 351 352 353 354 355 356 357 358 359 844 984 362 363 364 365 366 367 368 369 370 371 877 373 374 375 376 904 378 379 380 381 382 383 384 385 386 387 388 389 390 391 392 393 394 395 396 397 398 399 182 401 402 909 404 405 406 407 408 409 410 411 412 413 414 415 416 417 418 419 420 421 422 423 424 425 426 427 428 429 430 431 432 433 434 435 436 437 438 439 440 441 442 443 444 445 446 447 448 449 450 451 452 400 454 455 456 457 458 459 460 461 462 463 464 465 466 467 468 469 470 471 472 473 474 475 476 477 478 479 480 481 482 483 484 485 486 487 488 489 490 491 492 493 494 495 496 497 498 499 500 501 502 503 504 505 506 507 508 509 510 862 512 513 514 515 516 517 518 403 520 521 522 523 524 525 526 527 528 529 530 531 783 533 534 535 536 537 538 539 540 541 542 543 544 545 546 547 548 549 550 551 552 553 554 555 556 557 558 559 560 561 562 563 564 565 566 567 568 569 570 571 572 573 574 575 576 577 578 579 580 581 582 583 584 585 586 587 588 589 590 591 592 593 41 595 596 597 598 599 600 601 602 603 604 605 606 607 608 609 610 611 612 613 614 615 616 617 618 619 620 621 622 623 624 625 626 627 628 629 630 631 632 633 634 635 636 637 638 639 640 641 642 643 644 645 646 647 648 649 650 651 652 653 654 655 656 657 658 659 660 661 662 663 664 665 666 667 668 669 670 671 672 673 674 675 676 677 678 679 680 681 682 683 684 685 686 687 688 689 690 691 453 693 694 695 696 697 698 377 700 701 702 703 704 705 706 707 708 709 710 711 712 713 714 715 716 717 718 719 720 721 722 723 724 725 726 727 728 729 730 731 732 733 734 735 736 737 738 739 740 741 742 743 744 745 746 747 748 749 750 751 752 753 754 755 756 757 758 759 760 761 762 763 764 765 766 767 768 769 770 771 772 773 774 775 776 777 778 779 780 781 782 60 784 785 786 787 788 789 790 791 792 793 794 795 796 797 798 799 800 801 802 803 804 805 806 807 808 809 810 811 812 813 814 815 816 817 818 819 820 821 822 594 824 825 826 827 828 829 360 831 832 833 834 835 836 837 838 839 840 841 842 843 240 845 846 847 848 849 850 851 852 853 854 855 856 857 858 859 860 861 925 863 864 865 866 867 868 869 870 871 872 873 874 875 876 372 878 879 880 881 882 883 884 885 886 887 888 889 890 891 892 893 894 895 896 897 898 899 900 901 532 903 823 905 906 907 908 966 910 911 912 913 914 915 916 917 918 919 920 921 922 923 924 295 926 927 928 929 930 931 932 933 934 935 936 937 938 939 940 941 942 943 944 945 946 947 948 949 950 951 952 953 954 955 956 957 958 959 960 961 962 963 964 965 519 967 968 969 970 971 972 973 974 975 976 977 978 979 980 981 982 983 902 985 986 987 988 989 990 991 992 993 994 995 996 997 998
17
1 9 2 15 3 8 10 4 7 6 11 13 12 14 5 16 17
1000
824 519 569 949 254 177 693 997 123 922 604 405 996 144 315 158 948 652 286 592 846 115 354 298 697 873 623 52 614 745 188 687 620 269 367 183 661 165 229 714 489 552 708 221 851 487 50 401 681 47 814 28 252 909 458 485 624 666 548 108 258 238 170 444 77 907 214 213 955 987 497 703 105 89 450 581 65 329 118 96 460 912 534 967 300 850 828 424 74 932 860 289 638 204 868 80 364 186 740 561 812 197 257 832 73 800 216 60 259 563 233 797 672 920 22 492 284 79 234 399 764 751 9 593 976 352 651 878 549 658 162 418 304 173 275 263 333 576 419 277 595 945 265 14 172 477 407 943 445 675 187 668 191 375 342 558 944 16 875 387 291 131 982 892 38 465 784 394 992 63 319 145 134 331 584 386 6 370 772 400 517 656 36 546 219 98 151 31 393 380 153 201 903 778 743 540 102 735 610 725 192 245 266 94 408 975 528 612 730 282 970 466 68 67 474 107 869 674 185 731 44 928 488 385 689 890 815 303 39 527 971 767 111 119 865 637 557 62 855 271 562 255 506 454 202 748 753 554 276 897 761 53 332 5 242 555 103 61 109 893 707 379 136 639 143 203 369 829 34 826 240 817 491 801 135 249 140 719 535 536 645 210 954 117 494 19 685 957 92 853 161 863 572 453 958 887 501 24 654 85 695 742 228 133 446 598 596 977 986 366 803 951 766 615 15 691 551 881 171 683 825 330 758 709 374 590 667 728 78 322 174 253 137 541 579 918 600 994 972 819 397 155 481 669 475 594 635 388 471 946 455 126 754 23 395 973 859 830 597 601 931 807 431 97 404 310 35 643 267 178 437 795 798 325 154 476 553 690 262 190 457 588 439 808 224 176 160 348 451 1000 769 861 189 168 355 421 341 843 120 180 48 789 628 365 12 979 147 205 930 438 774 537 734 804 640 653 436 132 139 463 396 755 591 88 479 490 787 432 706 609 363 428 605 901 908 417 371 410 383 961 648 673 995 64 149 305 539 677 941 75 389 574 294 244 351 939 381 55 788 81 834 998 420 773 166 212 502 484 671 934 349 493 796 215 345 376 146 616 425 841 343 680 911 468 56 929 46 223 41 426 273 116 472 285 942 883 71 505 777 802 297 467 765 831 498 243 916 937 792 969 649 587 756 849 632 959 181 848 2 933 631 757 985 799 854 630 230 207 904 644 545 582 618 83 279 280 412 984 447 196 334 891 952 717 531 184 613 59 129 947 317 42 377 248 256 845 237 156 981 989 100 241 110 894 659 662 750 810 3 990 646 293 885 452 857 138 983 721 335 791 76 532 636 175 606 914 512 382 739 326 423 20 124 346 141 307 359 306 770 337 360 821 626 11 433 585 866 923 430 199 913 208 547 29 314 478 726 533 844 33 925 809 27 57 712 603 822 403 776 526 521 515 919 874 347 583 236 93 264 415 993 679 368 530 281 571 900 441 511 760 127 18 416 299 715 182 871 130 565 720 37 566 902 763 886 58 327 152 344 686 469 113 442 218 150 704 448 936 642 482 49 862 320 837 287 670 32 898 225 378 316 953 7 879 301 793 25 779 722 741 713 782 72 676 811 429 261 43 324 906 823 625 701 40 655 895 544 737 278 660 578 699 910 921 200 617 836 328 768 209 220 794 988 413 198 927 718 858 589 99 700 302 195 780 30 805 956 246 870 567 122 963 247 353 422 513 522 323 852 650 251 876 664 121 503 313 232 729 391 599 838 179 464 411 938 629 499 194 698 744 833 702 889 167 813 864 427 459 402 950 580 509 696 732 372 473 112 373 524 106 274 500 311 414 746 835 362 384 622 568 705 101 785 51 227 935 272 999 340 840 602 627 711 1 321 270 896 87 268 358 504 104 781 461 806 727 684 771 877 820 480 968 398 619 556 21 974 518 514 86 45 759 290 525 239 872 575 738 357 91 392 682 292 786 235 607 915 95 217 749 657 856 26 634 159 762 839 128 694 924 318 917 496 940 573 665 296 991 783 226 542 164 260 564 716 827 250 688 905 647 434 663 193 529 899 710 66 435 54 723 483 82 611 586 867 507 882 336 633 114 724 10 608 880 621 978 736 222 486 409 361 90 520 470 816 678 508 775 456 884 449 495 148 157 142 350 550 17 4 790 312 543 692 283 69 747 288 295 516 965 440 980 752 966 960 964 84 842 510 211 231 339 356 847 206 125 308 926 406 962 559 163 577 538 523 309 70 733 560 570 888 169 641 338 443 13 8 462 818 390
2
2 1
999
925 131 976 411 803 369 218 649 14 210 825 294 856 462 354 327 262 139 841 838 663 337 821 576 169 416 903 530 676 931 7 291 407 919 761 455 490 272 868 320 159 245 600 149 646 344 659 460 691 6 683 910 297 20 209 607 136 782 871 56 756 123 502 629 196 641 29 321 241 535 632 975 339 586 204 671 757 259 679 843 660 67 112 717 544 492 484 59 674 608 469 999 507 50 302 260 364 284 982 874 276 433 217 486 548 661 148 420 836 961 329 902 763 623 359 192 897 526 808 686 488 114 203 425 142 381 417 615 794 531 268 372 374 251 616 292 340 430 742 880 734 758 197 236 563 57 889 348 474 231 313 986 996 797 85 900 904 575 98 400 177 945 349 855 90 48 750 589 171 823 775 764 898 343 812 240 543 631 828 89 3 258 452 594 160 581 992 805 923 845 820 267 405 40 134 634 475 181 578 786 869 153 878 456 613 27 145 514 927 71 110 120 540 695 541 409 273 270 140 78 106 11 418 150 404 280 851 774 115 702 101 224 879 849 570 969 585 934 167 156 620 429 508 33 208 487 347 428 784 977 509 890 780 599 810 528 688 45 677 648 767 955 799 611 356 211 839 117 974 19 793 518 152 696 458 47 731 596 725 657 263 51 232 711 720 31 289 995 568 729 892 558 984 49 636 640 249 334 968 83 121 415 916 477 746 652 499 690 269 875 551 22 566 413 457 187 822 857 572 668 933 261 723 635 8 438 32 62 781 687 163 924 816 390 747 52 579 233 891 122 884 373 449 182 818 271 785 739 766 238 481 506 454 239 959 685 116 65 305 922 459 921 862 877 894 864 41 161 365 844 133 650 626 379 256 817 307 573 34 38 308 283 574 368 989 905 81 158 300 102 214 619 129 467 109 333 639 724 929 500 584 547 125 191 175 606 789 554 915 243 728 357 788 681 15 97 716 610 386 826 128 980 5 504 516 527 561 69 274 858 628 814 285 164 736 941 790 770 522 772 288 510 987 601 441 221 539 58 228 254 317 666 13 179 618 70 440 12 920 965 75 749 147 888 957 515 144 427 46 525 225 853 727 633 186 762 362 426 63 363 559 371 754 656 549 532 212 988 669 168 135 319 771 478 917 422 590 482 68 833 950 406 831 556 226 678 73 318 9 396 583 184 18 382 105 713 796 17 104 185 61 521 234 546 450 353 519 36 745 665 227 190 94 936 949 835 88 304 593 672 108 682 706 30 642 281 938 445 76 802 627 846 899 376 565 852 447 609 442 881 2 424 985 498 748 840 562 653 937 577 550 932 303 768 896 275 42 366 402 707 384 127 675 939 242 143 737 252 524 328 453 517 493 360 39 87 91 901 753 614 244 617 592 446 703 461 701 72 778 216 223 466 176 439 151 247 942 644 630 867 537 912 744 712 970 783 944 914 708 604 248 296 911 60 866 883 861 795 246 740 815 172 954 299 146 162 503 378 389 602 361 591 495 930 298 978 266 434 951 408 697 850 183 637 865 553 511 311 719 200 848 800 612 44 953 213 588 397 448 391 946 638 55 837 595 777 485 538 326 597 310 198 26 93 670 265 229 735 993 355 694 324 873 698 791 195 290 124 545 885 385 971 257 895 699 444 25 483 154 621 189 166 605 432 813 82 387 552 37 325 966 952 979 287 367 947 956 401 220 662 738 130 870 872 174 188 760 464 960 625 393 338 806 399 237 523 859 282 314 705 496 759 137 854 264 834 383 278 119 4 997 54 710 480 798 436 779 286 370 250 994 301 804 501 963 598 863 743 380 375 689 513 377 92 414 230 332 178 96 693 215 647 497 170 907 967 435 819 323 80 990 981 587 655 948 157 394 491 704 542 887 752 346 603 471 293 830 312 726 741 222 64 529 658 721 964 700 255 908 423 431 479 403 801 419 77 709 79 624 926 755 776 279 335 66 580 664 342 421 341 842 909 824 560 913 489 468 860 733 829 410 205 991 787 336 253 465 571 277 388 350 906 155 715 827 832 732 107 132 940 316 306 16 180 533 534 962 437 714 412 141 24 472 201 520 494 219 557 173 315 35 322 645 673 111 351 958 118 193 998 138 451 792 473 194 876 100 769 126 692 86 684 751 1 43 202 943 809 53 395 973 972 470 567 113 330 392 21 295 398 935 103 74 773 512 352 28 358 84 235 199 893 569 10 651 536 654 505 643 309 345 886 476 918 331 722 165 807 718 207 463 983 206 555 95 730 928 443 765 564 622 811 847 680 667 23 99 582 882
1000
975 116 732 112 623 938 90 166 147 837 410 93 250 736 525 249 761 312 39 617 485 365 468 815 592 840 715 637 619 154 197 966 823 829 183 293 411 849 302 591 747 954 210 356 721 4 895 985 552 268 360 555 762 452 117 163 963 399 603 568 633 435 560 180 111 692 998 284 94 888 78 621 77 134 822 96 454 741 750 836 105 713 487 170 847 395 73 213 928 717 547 821 765 434 456 832 711 83 443 533 182 931 275 571 440 10 345 350 517 647 332 660 656 804 118 372 426 516 596 640 795 673 299 88 37 723 944 668 370 620 846 734 726 60 857 927 15 57 612 108 276 277 331 155 259 400 960 835 582 486 542 47 97 5 231 727 578 214 996 548 519 907 971 992 538 722 948 546 225 375 636 810 531 327 749 970 195 14 704 126 422 387 62 54 898 286 785 401 239 994 56 884 917 527 82 643 241 567 152 646 234 913 614 140 478 528 860 483 796 508 763 626 212 143 953 522 295 852 932 438 300 498 42 534 470 811 376 712 569 442 682 441 269 615 664 222 701 45 156 330 19 745 186 551 699 950 363 223 29 685 977 974 539 738 545 724 405 335 530 419 50 775 805 759 281 942 32 710 499 358 123 839 830 175 247 174 385 865 285 217 403 803 18 317 987 716 11 325 324 466 319 6 654 185 159 79 187 453 833 776 337 921 232 494 386 191 153 338 66 666 348 240 381 702 691 86 783 391 635 248 72 779 585 297 392 471 595 251 144 792 618 929 409 696 798 208 753 655 866 743 323 439 451 593 444 859 584 198 227 98 677 252 465 748 463 201 437 479 625 404 610 554 474 290 87 894 501 418 150 464 203 777 858 580 641 361 255 425 968 68 855 26 583 793 848 75 310 31 737 242 756 194 121 165 882 447 209 65 687 318 991 315 355 362 178 119 24 492 828 937 101 428 292 220 460 918 587 311 482 718 41 288 694 801 594 653 38 914 89 17 667 193 826 506 219 176 416 162 964 995 432 246 874 106 309 164 67 95 651 367 298 520 161 445 514 869 495 897 477 253 642 408 266 789 901 341 844 480 725 229 274 742 693 328 450 509 12 597 192 881 491 755 613 870 899 945 773 80 113 981 35 273 505 521 841 558 52 689 993 952 320 59 270 378 243 842 429 326 851 684 631 424 800 51 306 346 433 235 999 645 415 544 714 76 21 157 806 34 764 168 28 978 766 845 690 956 782 540 873 674 406 64 393 448 648 512 172 513 371 659 504 856 892 272 128 138 920 705 827 245 151 609 997 980 368 891 49 719 218 652 211 226 472 671 507 735 339 135 562 697 611 420 264 876 149 296 402 461 91 872 373 115 638 340 622 802 972 148 48 417 238 923 467 537 886 774 110 797 909 887 351 129 377 233 102 706 658 934 988 566 733 352 900 160 333 2 703 224 216 196 202 257 291 598 940 906 819 33 973 577 902 280 287 230 207 627 820 74 436 396 511 314 728 799 536 989 256 758 924 864 565 688 130 3 382 103 84 7 398 304 526 890 30 221 935 683 204 933 407 349 133 81 628 146 730 510 254 707 206 808 813 662 305 926 904 910 550 380 850 145 916 564 590 107 344 267 488 529 868 294 817 896 236 167 124 905 672 347 559 553 446 616 925 557 681 650 25 634 205 181 686 903 518 99 947 366 880 607 475 364 283 878 767 462 984 949 369 1000 459 946 816 791 875 200 731 912 644 132 431 13 967 606 958 136 457 679 752 493 100 893 316 969 503 709 573 574 670 769 919 604 951 171 313 589 831 262 990 575 778 334 824 329 915 308 771 955 40 70 959 53 354 790 879 746 390 502 524 184 757 794 490 675 867 788 979 421 695 388 602 720 481 484 871 263 109 497 169 92 883 599 962 570 8 515 359 957 158 476 173 818 265 561 141 69 579 661 563 834 260 632 605 179 500 384 336 678 190 189 423 961 228 430 760 343 862 63 639 784 261 353 535 889 307 922 23 885 258 36 576 936 27 137 930 412 541 489 556 943 279 965 572 379 863 809 127 781 523 397 9 853 586 581 665 455 16 215 843 278 754 458 58 114 838 43 543 814 825 780 770 600 46 976 142 608 85 473 700 301 708 244 877 744 357 630 71 911 657 601 663 122 532 55 854 282 427 271 342 676 986 1 649 772 374 908 188 469 624 394 120 303 680 199 321 983 20 698 629 739 125 588 729 104 61 861 751 496 768 786 669 131 22 787 383 413 939 289 807 237 549 812 414 44 941 139 322 740 449 389 177 982
1000
626 841 891 984 239 186 321 592 275 437 393 521 295 210 976 222 157 811 372 608 616 457 163 200 217 554 801 946 597 958 590 103 209 526 760 55 659 814 195 1000 672 353 215 373 978 758 388 710 160 736 604 645 681 37 356 685 266 408 596 371 730 586 401 829 731 988 432 107 935 199 922 553 798 962 727 11 83 668 689 446 279 317 268 12 826 925 380 630 501 974 776 456 939 400 340 265 568 73 428 558 419 840 726 77 847 839 977 288 377 132 187 634 193 203 42 21 416 349 227 787 198 244 600 888 848 878 638 514 733 413 71 334 657 877 500 297 746 13 52 707 319 985 152 175 658 755 460 289 963 979 337 3 953 625 818 870 191 269 87 347 969 264 158 18 750 170 343 585 325 309 479 9 779 947 690 119 433 588 539 987 669 471 795 644 361 741 824 287 605 757 711 33 640 486 930 949 169 880 234 882 448 834 789 542 230 651 115 708 863 86 236 167 534 527 564 996 944 294 807 421 637 885 355 93 642 599 155 632 139 291 379 382 865 819 385 398 105 921 784 504 311 763 348 643 278 759 136 374 654 424 661 296 650 285 991 443 153 748 566 783 358 346 249 256 774 133 111 571 671 937 831 174 228 621 202 546 614 194 502 1 243 459 990 869 723 305 704 589 469 507 362 137 603 48 181 598 113 146 229 519 641 975 609 231 549 453 802 310 467 381 804 782 524 602 454 185 431 646 510 16 862 533 44 76 438 482 674 192 100 32 17 827 476 470 583 555 204 117 805 522 263 744 159 455 162 738 647 422 125 439 516 286 22 518 94 537 916 216 861 425 383 860 70 778 328 255 375 855 687 691 131 735 327 936 820 90 780 699 576 684 197 907 552 530 677 445 5 312 898 27 427 858 126 441 465 423 966 316 914 607 622 881 973 196 493 771 918 563 299 183 515 242 649 23 982 54 333 498 624 965 173 19 386 619 326 772 351 363 403 420 694 578 64 89 477 606 506 692 495 81 994 369 143 670 233 873 950 943 941 556 367 751 496 703 762 561 908 114 68 322 836 47 307 615 535 241 315 722 879 920 399 682 800 452 212 7 391 874 890 740 60 8 620 156 765 698 123 144 942 951 809 402 342 838 475 462 901 484 673 910 104 981 631 547 260 110 366 451 957 816 188 948 2 770 370 472 466 777 720 895 274 662 95 971 26 240 276 883 531 354 967 205 675 850 165 171 298 938 579 24 206 584 529 284 262 934 407 434 915 357 505 871 145 303 732 280 330 410 57 324 909 956 67 166 570 595 793 998 695 253 905 618 851 663 917 636 65 50 390 911 341 149 574 796 952 706 629 130 350 301 709 97 218 551 666 557 489 190 837 430 494 872 821 954 252 336 201 122 569 560 543 517 208 788 235 172 79 610 728 945 520 582 886 335 508 573 376 849 302 623 10 491 258 525 559 257 896 718 601 211 503 745 667 509 889 281 429 108 78 897 768 273 339 928 488 541 225 106 992 25 846 112 69 913 752 581 207 4 513 660 102 617 867 412 248 365 929 245 655 329 490 856 833 415 844 395 627 817 843 168 825 237 292 127 480 396 142 140 712 742 345 683 84 932 894 224 810 754 85 713 221 411 223 853 442 164 565 247 550 653 74 464 926 611 59 866 91 134 444 414 180 66 98 481 82 968 739 435 261 63 830 378 360 852 120 31 80 177 468 528 964 587 835 900 38 179 887 409 813 845 536 267 474 767 747 797 364 318 45 562 955 254 116 635 99 591 822 499 92 693 313 931 688 572 859 124 404 686 613 639 775 785 277 593 753 148 815 28 304 986 96 756 246 696 51 151 828 184 283 567 331 320 447 150 717 652 648 538 933 135 980 999 314 679 344 875 251 121 927 56 808 271 270 697 214 959 40 781 213 53 523 983 30 868 440 842 812 729 923 876 972 724 384 461 352 293 792 545 970 749 272 512 290 43 389 656 109 129 899 61 306 995 993 612 960 884 989 406 118 790 6 715 88 786 737 36 492 473 178 300 799 138 219 544 773 397 906 35 716 182 912 75 761 721 449 725 176 189 532 540 226 128 892 15 49 483 39 141 700 701 220 511 463 497 791 743 323 864 919 485 101 664 940 458 678 714 62 147 628 417 46 426 332 154 680 764 394 308 997 58 903 450 34 359 823 548 961 487 577 387 902 924 282 832 676 338 250 769 806 418 702 734 719 794 14 405 232 766 368 259 893 392 857 854 904 633 665 72 575 803 20 436 478 238 41 580 161 594 29 705
42
28 21 1 42 13 2 31 3 19 11 6 24 35 12 36 8 40 18 15 5 41 22 29 7 33 23 25 38 30 17 14 32 34 20 27 16 37 4 10 26 9 39
1000
42 768 4 146 486 13 622 287 181 885 121 808 986 596 99 612 978 834 588 119 762 793 617 200 773 521 197 776 831 248 733 655 459 447 242 997 729 546 872 72 744 24 444 440 298 74 566 290 249 855 363 979 133 469 326 94 231 423 453 388 843 407 517 9 419 483 179 565 665 198 252 697 766 284 175 807 236 246 640 695 579 968 944 368 593 815 358 232 847 860 497 651 722 340 89 404 863 629 667 943 620 723 351 429 735 304 732 264 554 458 140 544 83 642 949 81 268 942 953 679 26 616 828 849 725 479 918 307 826 835 708 987 694 115 313 196 442 902 741 172 668 712 567 359 335 263 575 929 496 417 257 675 645 699 402 509 611 931 221 758 301 746 519 346 192 976 91 526 71 40 788 291 698 510 34 365 705 468 992 498 760 568 912 915 769 898 547 106 475 332 178 378 634 202 149 277 322 822 535 709 937 260 323 846 896 384 286 124 913 184 900 692 533 703 489 570 910 934 364 950 152 454 45 924 1000 573 113 972 530 775 158 110 19 594 726 129 396 311 387 841 309 553 48 432 446 569 941 580 18 804 812 714 559 374 122 873 613 148 890 960 995 452 445 716 51 696 884 584 672 234 545 21 802 206 137 994 487 259 983 476 928 1 505 156 632 780 300 434 165 321 56 856 951 850 901 648 33 403 480 466 882 647 749 16 956 888 408 761 331 43 288 167 623 123 53 827 424 644 626 823 691 108 383 840 677 3 80 303 228 494 653 220 932 22 147 211 438 36 989 104 25 294 65 128 385 308 430 449 797 643 457 967 603 830 814 851 883 879 515 939 61 757 426 12 348 961 138 859 706 752 731 70 641 68 132 977 243 605 225 49 922 183 222 576 67 966 676 785 751 436 618 781 205 481 730 213 800 933 755 145 529 803 271 747 600 316 484 306 590 820 134 886 103 811 778 258 591 190 791 715 495 114 662 604 528 411 759 557 561 465 745 50 686 919 690 907 592 870 577 625 275 875 774 85 707 467 920 739 508 278 427 161 144 868 325 661 602 41 574 60 878 207 371 173 54 342 839 218 93 233 280 256 717 864 355 892 916 572 428 772 244 531 921 866 991 973 413 372 191 649 871 29 854 614 852 550 926 174 881 631 538 327 660 386 105 472 865 397 215 635 558 845 578 317 925 740 787 461 362 250 194 210 111 743 127 126 87 393 681 990 266 255 435 485 838 687 58 176 20 150 806 28 789 980 711 609 684 713 957 329 906 877 478 238 825 962 894 406 582 813 100 728 377 159 619 180 464 439 380 678 382 118 337 219 7 923 658 86 177 328 777 293 670 607 254 805 988 318 844 738 339 212 214 848 412 819 889 389 17 247 62 656 410 305 14 226 891 431 162 188 792 107 441 227 241 201 504 501 782 904 151 163 895 343 560 153 208 367 46 536 682 422 398 299 154 701 314 754 420 821 874 492 30 595 930 350 265 824 261 366 448 945 31 959 917 52 585 164 276 586 599 488 455 688 702 857 601 415 817 418 630 160 887 273 473 914 251 354 401 224 341 790 330 11 903 624 125 477 44 59 794 520 753 390 700 281 763 540 349 470 97 970 315 116 837 512 666 993 295 166 32 35 836 223 463 370 720 381 79 285 182 170 771 737 272 267 353 764 947 347 693 606 333 527 734 909 357 639 15 217 832 908 253 117 399 936 897 636 858 537 379 493 770 456 69 375 750 798 64 748 621 664 171 657 506 999 786 283 245 673 297 345 869 109 796 230 292 142 77 274 532 352 954 795 216 633 524 474 683 92 971 73 279 209 312 433 563 893 534 193 516 324 310 235 98 240 338 511 135 120 556 927 853 23 262 499 130 204 518 203 239 784 551 899 2 801 437 76 608 269 6 974 669 541 938 373 360 721 136 638 361 421 548 391 336 756 78 189 320 75 818 549 502 680 414 482 952 491 270 946 646 905 724 319 862 704 131 911 861 880 334 237 650 199 462 460 935 985 637 963 185 102 112 27 405 816 416 82 965 187 984 450 141 376 867 539 562 10 369 552 627 63 555 84 842 783 229 38 975 597 958 685 998 101 589 663 155 598 47 186 982 356 195 583 710 833 37 507 765 296 542 981 490 96 344 168 394 587 652 571 471 654 8 392 610 289 718 443 543 736 964 615 522 940 5 671 503 727 689 90 500 451 513 742 39 996 523 948 425 88 799 969 955 779 95 809 66 525 57 409 767 628 829 282 514 302 55 143 169 400 659 395 157 810 719 876 564 139 674 581
999
259 486 195 251 635 158 686 880 25 257 223 894 748 568 703 734 230 294 122 235 852 736 73 845 76 548 790 827 753 580 247 772 258 439 75 250 643 668 482 841 408 365 163 148 189 288 168 501 984 224 739 290 919 620 603 600 685 378 898 323 798 680 442 126 56 660 20 417 221 86 292 815 723 957 77 760 675 39 837 735 555 889 614 518 611 42 490 693 31 89 591 850 55 265 338 742 289 593 520 573 320 747 923 198 704 181 577 404 805 50 762 173 227 371 45 396 529 493 410 800 738 483 574 707 678 584 541 419 204 243 911 161 964 797 395 656 633 287 406 779 448 549 954 415 29 538 193 819 825 848 599 556 951 315 354 799 651 104 926 618 915 92 33 554 341 123 594 598 947 987 147 22 858 269 754 562 766 839 767 936 312 975 646 502 876 938 337 472 530 113 712 891 667 884 352 205 109 268 471 108 219 659 895 985 539 726 623 11 699 558 246 838 279 377 280 653 897 702 795 540 336 463 360 78 860 729 982 513 145 215 428 783 901 933 967 999 164 687 183 492 649 701 778 782 506 820 862 9 636 705 366 228 433 663 882 132 497 266 57 740 616 177 201 780 617 877 508 566 49 47 425 873 444 732 608 431 495 184 453 505 293 263 70 888 796 517 939 420 851 808 170 454 965 380 927 924 422 383 135 878 304 480 192 303 393 423 8 128 986 824 996 465 435 154 214 322 925 44 411 654 137 459 273 817 567 781 867 285 301 102 769 191 995 281 974 605 367 81 872 831 37 238 586 275 229 546 93 595 344 34 18 809 196 387 764 832 343 979 58 607 776 749 99 961 905 777 62 631 19 887 613 960 6 248 217 264 500 172 197 165 83 298 12 533 297 681 523 443 458 571 180 418 359 90 853 479 363 392 160 639 812 112 445 402 755 213 959 468 357 407 311 801 13 719 874 274 844 390 869 688 218 136 30 438 46 673 521 632 952 494 52 397 121 461 641 361 945 146 835 713 331 316 752 325 935 715 375 893 690 118 391 421 606 299 561 373 759 669 908 202 771 488 401 543 212 802 190 374 609 475 807 640 765 931 68 176 711 983 330 79 700 843 910 328 114 534 398 413 990 791 14 581 532 922 498 756 441 583 896 175 53 934 107 865 345 342 1 178 210 674 610 658 450 572 409 629 152 66 788 369 150 622 503 23 906 900 570 40 604 823 399 187 157 295 389 15 386 362 348 142 642 746 64 733 511 124 718 283 220 994 69 167 74 456 414 932 557 626 185 691 237 575 457 372 379 696 117 834 902 7 155 774 244 116 130 32 621 256 761 186 944 664 43 455 597 36 473 317 4 63 156 745 560 329 989 115 992 129 318 661 998 728 763 496 930 637 655 207 545 276 650 714 980 82 231 677 424 627 364 339 971 437 946 302 429 241 904 101 381 596 833 327 840 847 262 388 194 432 260 589 942 725 536 750 741 80 103 993 464 883 335 282 296 179 203 347 563 672 510 929 182 885 836 537 717 313 912 585 881 141 358 953 332 349 206 88 84 962 267 110 478 792 849 512 886 434 452 252 96 426 552 51 119 120 209 253 657 710 949 689 310 16 644 916 803 353 683 405 768 997 27 278 308 969 830 476 822 810 412 553 470 977 588 487 188 648 981 569 758 806 95 578 920 499 166 509 550 914 355 467 928 794 972 94 153 727 272 948 98 447 87 628 522 245 890 60 5 903 97 233 899 784 966 71 370 208 856 384 376 624 978 239 127 254 234 24 106 551 67 787 615 612 100 17 666 400 28 385 240 491 793 171 489 138 955 451 319 662 647 300 670 638 72 542 159 85 743 976 340 775 481 460 652 174 286 242 151 789 857 970 54 314 634 504 474 870 21 804 519 131 963 590 309 943 879 255 770 665 909 143 913 430 232 868 846 271 440 291 524 261 828 350 91 222 270 507 921 446 544 565 284 625 692 427 528 144 216 526 842 918 199 535 866 708 564 871 305 973 65 514 525 706 602 61 169 587 956 950 695 917 619 351 679 676 826 721 10 855 333 854 863 559 968 592 576 813 485 527 720 515 751 773 716 821 547 694 731 368 48 26 579 111 684 321 722 671 907 469 724 940 133 816 698 394 356 601 697 730 162 225 277 531 41 737 436 785 744 484 861 937 307 326 466 682 811 334 403 516 382 818 859 3 988 59 249 630 200 134 829 139 140 991 892 477 38 786 211 941 709 462 449 35 814 864 306 149 2 645 226 236 582 324 958 875 416 125 757 105 346
1
1
33
1 2 3 19 5 6 7 8 9 10 11 12 13 22 15 23 17 18 24 20 21 16 29 4 25 26 27 30 14 28 31 32 33
999
1 2 3 4 5 6 7 8 9 10 11 12 13 14 15 16 17 18 19 20 21 22 23 24 25 26 27 28 29 30 31 32 33 34 35 36 37 38 39 40 41 42 43 44 45 46 47 48 49 50 51 52 53 54 55 56 57 58 59 60 61 62 63 64 65 66 67 68 69 70 71 72 73 74 75 76 77 78 79 80 81 82 83 84 85 86 87 88 89 90 91 92 93 94 95 96 97 98 99 100 101 102 103 104 105 106 107 108 109 110 111 112 113 114 115 116 117 118 119 120 121 122 123 124 125 126 127 128 129 130 131 132 133 134 135 136 137 138 139 140 141 142 143 144 145 146 147 148 149 150 151 152 153 154 155 156 157 158 159 160 161 162 163 164 165 166 167 168 169 170 171 172 173 174 175 176 177 178 179 180 181 182 183 184 185 186 187 188 189 190 191 192 193 194 195 196 197 198 199 200 201 202 203 204 205 206 207 208 209 210 211 212 213 214 215 216 217 218 219 220 221 222 223 224 225 226 227 228 229 230 231 232 233 234 235 236 237 238 239 240 241 242 243 244 245 246 247 248 249 250 251 252 253 254 255 256 257 258 259 260 261 262 263 264 265 266 267 268 269 270 271 272 273 274 275 276 277 278 279 280 281 282 283 284 285 286 287 288 289 290 291 292 293 294 295 296 297 298 299 300 301 302 303 304 305 306 307 308 309 310 311 312 313 314 315 316 317 318 319 320 321 322 323 324 325 326 327 328 329 330 331 332 333 334 335 336 337 338 339 340 341 342 343 344 345 346 347 348 349 350 351 352 353 354 355 356 357 358 359 360 361 362 363 364 365 366 367 368 369 370 371 372 373 374 375 376 377 378 379 380 381 382 383 384 385 386 387 388 389 390 391 392 393 394 395 396 397 398 399 400 401 402 403 404 405 406 407 408 409 410 411 412 413 414 415 416 417 418 419 420 421 422 423 424 425 426 427 428 429 430 431 432 433 434 435 436 437 438 439 440 441 442 443 444 445 446 447 448 449 450 451 452 453 454 455 456 457 458 459 460 461 462 463 464 465 466 467 468 469 470 471 472 473 474 475 476 477 478 479 480 481 482 483 484 485 486 487 488 489 490 491 492 493 494 495 496 497 498 499 500 501 502 503 504 505 506 507 508 509 510 511 512 513 514 515 516 517 518 519 520 521 522 523 524 525 526 527 528 529 530 531 532 533 534 535 536 537 538 539 540 541 542 543 544 545 546 547 548 549 550 551 552 553 554 555 556 557 558 559 560 561 562 563 564 565 566 567 568 569 570 571 572 573 574 575 576 577 578 579 580 581 582 583 584 585 586 587 588 589 590 591 592 593 594 595 596 597 598 599 600 601 602 603 604 605 606 607 608 609 610 611 612 613 614 615 616 617 618 619 620 621 622 623 624 625 626 627 628 629 630 631 632 633 634 635 636 637 638 639 640 641 642 643 644 645 646 647 648 649 650 651 652 653 654 655 656 657 658 659 660 661 662 663 664 665 666 667 668 669 670 671 672 673 674 675 676 677 678 679 680 681 682 683 684 685 686 687 688 689 690 691 692 693 694 695 696 697 698 699 700 701 702 703 704 705 706 707 708 709 710 711 712 713 714 715 716 717 718 719 720 721 722 723 724 725 726 727 728 729 730 731 732 733 734 735 736 737 738 739 740 741 742 743 744 745 746 747 748 749 750 751 752 753 754 755 756 757 758 759 760 761 762 763 764 765 766 767 768 769 770 771 772 773 774 775 776 777 778 779 780 781 782 783 784 785 786 787 788 789 790 791 792 793 794 795 796 797 798 799 800 801 802 803 804 805 806 807 808 809 810 811 812 813 814 815 816 817 818 819 820 821 822 823 824 825 826 827 828 829 830 831 832 833 834 835 836 837 838 839 840 841 842 843 844 845 846 847 848 849 850 851 852 853 854 855 856 857 858 859 860 861 862 863 864 865 866 867 868 869 870 871 872 873 874 875 876 877 878 879 880 881 882 883 884 885 886 887 888 889 890 891 892 893 894 895 896 897 898 899 900 901 902 903 904 905 906 907 908 909 910 911 912 913 914 915 916 917 918 919 920 921 922 923 924 925 926 927 928 929 930 931 932 933 934 935 936 937 938 939 940 941 942 943 944 945 946 947 948 949 950 951 952 953 954 955 956 957 958 959 960 961 962 963 964 965 966 967 968 969 970 971 972 973 974 975 976 977 978 979 980 981 982 983 984 985 986 987 988 989 990 991 992 993 994 995 996 997 998 999
34
32 27 3 34 11 12 29 8 17 13 4 1 24 18 31 14 5 15 19 6 21 2 23 28 9 26 20 7 33 25 10 22 30 16
6
4 6 2 5 1 3
44
36 4 11 37 18 6 3 8 9 25 2 12 40 31 15 22 17 41 19 20 10 38 14 24 35 26 23 21 39 30 28 5 33 16 13 7 1 27 34 29 32 42 43 44
1000
588 452 715 415 273 91 779 583 844 462 230 971 746 216 929 686 719 964 359 893 795 543 576 121 985 808 791 243 935 512 383 377 495 510 531 703 258 577 454 750 58 246 244 414 550 693 664 977 151 850 446 97 875 136 245 586 755 41 413 267 644 994 163 892 937 187 792 684 649 367 866 355 978 642 268 913 611 997 861 423 150 809 872 431 167 518 281 945 620 692 6 304 651 685 378 810 52 347 142 211 891 264 316 785 141 990 117 352 125 658 193 130 162 677 570 366 107 533 164 541 24 731 832 784 109 419 368 566 718 112 172 819 730 558 742 54 636 632 526 315 105 99 798 870 209 911 318 208 826 81 49 515 388 930 606 451 253 794 169 991 176 113 63 119 883 239 85 816 159 790 852 131 631 834 786 161 931 953 696 327 389 943 661 490 274 376 66 925 411 450 608 522 111 749 871 974 379 310 868 312 858 587 444 540 503 690 226 148 145 728 100 801 934 498 968 14 582 290 901 612 257 508 772 561 828 207 568 600 669 11 433 811 761 830 467 984 641 714 166 459 788 725 28 43 55 42 907 905 707 927 436 979 157 775 824 998 221 37 481 687 325 597 956 102 329 294 60 75 435 399 754 447 5 185 434 967 756 789 938 392 87 380 353 723 407 663 804 853 635 218 339 825 922 266 529 441 428 585 740 591 898 647 333 92 841 912 546 793 559 198 670 200 621 835 140 103 668 147 660 476 527 654 987 780 261 880 180 491 265 581 627 900 303 659 768 468 386 916 291 604 942 970 589 615 398 579 98 899 354 453 360 108 283 349 72 536 381 701 19 351 845 488 613 382 640 116 70 127 648 733 614 553 729 480 514 186 32 95 197 282 357 364 31 511 859 337 820 153 181 846 493 280 989 516 519 466 813 345 270 769 762 496 478 449 534 609 285 941 535 463 189 425 59 44 4 767 675 689 126 618 988 777 80 710 412 962 556 297 796 594 84 928 231 275 269 251 765 745 520 727 296 596 889 203 456 51 272 739 404 190 156 2 350 39 619 445 592 662 240 829 894 10 410 936 691 396 235 336 952 637 886 986 982 855 575 320 551 403 747 374 259 843 759 630 571 951 995 362 849 184 328 842 391 544 33 402 501 214 505 904 497 633 205 528 499 856 876 222 697 34 384 30 867 375 152 394 758 86 395 439 908 192 992 530 920 139 321 504 295 524 35 957 118 405 409 356 950 999 652 204 120 914 22 494 888 307 679 865 976 45 477 737 372 595 743 427 946 134 309 564 224 838 628 560 711 128 954 227 674 115 485 902 885 910 475 23 38 680 346 940 330 217 8 676 298 56 202 1 343 851 300 457 944 430 554 442 262 766 757 228 821 797 607 340 878 155 603 191 406 802 77 220 363 371 344 667 688 420 455 89 313 966 705 655 961 923 331 563 783 484 173 138 502 822 289 137 470 815 774 365 237 74 787 61 771 960 302 369 69 840 93 539 854 322 624 782 993 110 334 319 183 458 286 47 836 981 616 317 229 311 857 895 917 569 417 584 114 751 547 578 709 918 741 68 94 16 260 617 418 206 465 90 46 837 933 179 509 903 833 947 358 814 36 770 623 805 249 897 681 424 565 881 806 238 3 748 781 129 17 807 926 932 284 817 242 732 440 210 373 133 122 726 370 823 764 909 552 975 448 299 683 135 555 827 438 13 479 716 194 40 678 864 763 271 57 277 599 517 483 860 233 401 753 735 437 598 416 335 400 704 645 223 862 639 254 803 422 906 7 324 717 656 629 124 104 175 643 241 278 170 27 67 308 158 21 429 602 143 818 948 212 610 776 287 706 713 720 26 82 96 232 831 397 702 638 168 724 799 132 387 601 634 734 255 292 149 744 225 460 234 812 123 699 174 314 665 694 562 963 650 305 492 482 9 361 390 863 973 489 50 590 171 288 653 474 506 671 201 385 760 79 773 847 752 548 71 513 199 873 144 195 83 869 959 53 507 980 605 965 326 712 939 165 983 573 471 921 545 443 958 101 64 20 461 672 949 708 301 348 332 219 572 698 500 248 778 247 521 736 574 146 306 76 542 1000 338 673 682 996 525 887 293 626 972 188 721 250 432 15 154 177 722 695 213 29 464 65 279 882 580 408 341 182 593 88 557 700 800 896 537 486 469 178 567 969 263 532 890 874 646 625 426 839 18 879 622 276 215 955 342 12 924 848 196 738 549 48 73 252 877 666 473 884 236 25 472 323 421 393 106 160 523 657 62 487 919 78 256 538 915
45
1 2 5 13 6 23 7 8 25 10 11 12 32 14 4 16 17 18 19 20 21 24 40 37 15 43 27 28 31 9 30 36 33 34 35 22 26 38 39 29 41 42 3 44 45
4
1 2 3 4
9
1 2 3 4 9 6 7 8 5
998
1 2 3 4 5 6 7 8 9 10 11 12 13 14 15 16 17 18 19 20 21 22 23 24 25 26 27 28 29 30 31 32 33 34 35 36 37 38 39 40 41 42 43 44 45 46 47 48 49 50 51 52 53 54 55 56 57 58 59 60 61 62 63 64 65 66 67 68 69 70 71 72 73 74 75 76 77 78 79 80 81 82 83 84 85 86 87 88 89 90 91 92 93 94 95 96 97 98 99 100 101 102 103 104 105 106 107 108 109 110 111 112 113 114 115 116 117 118 119 120 121 122 123 124 125 126 127 128 129 130 131 132 133 134 135 136 137 138 139 140 141 142 143 144 145 146 147 148 149 150 151 152 153 154 155 156 157 158 159 160 161 162 163 164 165 166 167 168 169 170 171 172 173 174 175 176 177 178 179 180 181 182 183 184 185 186 187 188 189 190 191 192 193 194 195 196 197 198 199 200 201 202 203 204 205 206 207 208 209 210 211 212 213 214 215 216 217 218 219 220 221 222 223 224 225 226 227 228 229 230 231 232 233 234 235 236 237 238 239 240 241 242 243 244 245 246 247 248 249 250 251 252 253 254 255 256 257 258 259 260 261 262 263 264 265 266 267 268 269 270 271 272 273 274 275 276 277 278 279 280 281 282 283 284 285 286 287 288 289 290 291 292 293 294 295 296 297 298 299 300 301 302 303 304 305 306 307 308 309 310 311 312 313 314 315 316 317 318 319 320 321 322 323 324 325 326 327 328 329 330 331 332 333 334 335 336 337 338 339 340 341 342 343 344 345 346 347 348 349 350 351 352 353 354 355 356 357 358 359 360 361 362 363 364 365 366 367 368 369 370 371 372 373 374 375 376 377 378 379 380 381 382 383 384 385 386 387 388 389 390 391 392 393 394 395 396 397 398 399 400 401 402 403 404 405 406 407 408 409 410 411 412 413 414 415 416 417 418 419 420 421 422 423 424 425 426 427 428 429 430 431 432 433 434 435 436 437 438 439 440 441 442 443 444 445 446 447 448 449 450 451 452 453 454 455 456 457 458 459 460 461 462 463 464 465 466 467 468 469 470 471 472 473 474 475 476 477 478 479 480 481 482 483 484 485 486 487 488 489 490 491 492 493 494 495 496 497 498 499 500 501 502 503 504 505 506 507 508 509 510 511 512 513 514 515 516 517 518 519 520 521 522 523 524 525 526 527 528 529 530 531 532 533 534 535 536 537 538 539 540 541 542 543 544 545 546 547 548 549 550 551 552 553 554 555 556 557 558 559 560 561 562 563 564 565 566 567 568 569 570 571 572 573 574 575 576 577 578 579 580 581 582 583 584 585 586 587 588 589 590 591 592 593 594 595 596 597 598 599 600 601 602 603 604 605 606 607 608 609 610 611 612 613 614 615 616 617 618 619 620 621 622 623 624 625 626 627 628 629 630 631 632 633 634 635 636 637 638 639 640 641 642 643 644 645 646 647 648 649 650 651 652 653 654 655 656 657 658 659 660 661 662 663 664 665 666 667 668 669 670 671 672 673 674 675 676 677 678 679 680 681 682 683 684 685 686 687 688 689 690 691 692 693 694 695 696 697 698 699 700 701 702 703 704 705 706 707 708 709 710 711 712 713 714 715 716 717 718 719 720 721 722 723 724 725 726 727 728 729 730 731 732 733 734 735 736 737 738 739 740 741 742 743 744 745 746 747 748 749 750 751 752 753 754 755 756 757 758 759 760 761 762 763 764 765 766 767 768 769 770 771 772 773 774 775 776 777 778 779 780 781 782 783 784 785 786 787 788 789 790 791 792 793 794 795 796 797 798 799 800 801 802 803 804 805 806 807 808 809 810 811 812 813 814 815 816 817 818 819 820 821 822 823 824 825 826 827 828 829 830 831 832 833 834 835 836 837 838 839 840 841 842 843 844 845 846 847 848 849 850 851 852 853 854 855 856 857 858 859 860 861 862 863 864 865 866 867 868 869 870 871 872 873 874 875 876 877 878 879 880 881 882 883 884 885 886 887 888 889 890 891 892 893 894 895 896 897 898 899 900 901 902 903 904 905 906 907 908 909 910 911 912 913 914 915 916 917 918 919 920 921 922 923 924 925 926 927 928 929 930 931 932 933 934 935 936 937 938 939 940 941 942 943 944 945 946 947 948 949 950 951 952 953 954 955 956 957 958 959 960 961 962 963 964 965 966 967 968 969 970 971 972 973 974 975 976 977 978 979 980 981 982 983 984 985 986 987 988 989 990 991 992 993 994 995 996 997 998
2
2 1
998
852 3 2 560 635 157 756 863 97 217 310 180 464 49 732 153 749 561 708 40 716 711 589 596 906 88 510 882 888 856 426 84 761 72 753 584 672 53 74 20 702 373 581 960 575 843 485 533 14 233 159 659 38 692 272 935 660 825 964 767 395 939 987 412 554 474 214 439 820 921 208 34 655 39 721 495 717 925 95 521 741 553 838 32 891 401 977 26 957 718 335 364 690 164 79 246 9 624 102 315 112 99 147 745 582 389 983 862 936 625 675 101 144 368 704 468 598 609 152 666 215 794 262 261 377 370 742 605 523 877 859 572 291 520 893 463 780 490 465 804 932 402 405 113 735 678 103 298 193 471 452 119 16 361 870 900 6 413 51 970 769 611 209 94 567 181 270 295 204 420 220 433 768 873 224 394 407 978 739 12 166 475 850 386 493 714 686 319 502 508 689 345 149 967 771 254 802 348 454 851 799 731 836 169 237 787 289 71 163 738 949 308 644 67 121 638 10 491 821 171 437 637 792 175 612 603 795 482 574 397 954 869 50 344 837 912 205 827 998 953 628 322 890 588 798 96 845 746 517 696 880 764 750 196 366 587 626 878 830 670 124 123 607 765 540 897 428 807 858 167 992 55 336 922 841 305 962 378 698 951 434 387 418 800 442 691 534 447 207 330 133 339 403 832 168 470 784 148 643 695 564 673 722 487 276 506 629 212 400 11 383 945 416 984 100 438 899 710 188 559 385 242 663 334 915 973 461 725 980 290 958 641 379 324 91 273 391 406 292 955 740 664 536 234 192 682 618 198 952 503 448 927 357 781 577 568 353 597 544 658 154 425 930 92 467 255 498 114 966 126 398 876 42 875 504 747 125 278 333 384 847 650 311 380 321 184 282 570 106 527 337 516 450 176 61 499 230 371 599 309 86 142 293 547 143 338 177 724 541 621 532 64 158 579 543 313 754 283 446 170 634 947 648 697 362 31 489 267 677 707 662 623 172 281 883 630 221 316 68 902 571 285 462 576 719 419 288 351 896 393 866 151 763 199 844 668 782 601 512 994 327 443 136 13 139 823 365 116 920 296 150 563 809 66 182 766 950 864 835 796 550 228 646 566 47 494 304 669 427 138 218 614 185 486 76 917 727 367 396 615 642 189 350 375 679 306 687 190 617 27 865 459 904 535 524 392 249 776 907 134 80 619 129 515 996 913 390 703 886 627 751 411 48 287 514 343 995 610 905 265 409 959 415 359 972 884 404 755 649 481 911 555 82 65 552 773 777 699 320 4 18 778 472 301 789 484 165 356 728 388 441 132 786 229 45 444 355 860 414 600 43 105 586 36 867 583 256 244 23 652 908 819 975 737 948 24 358 117 399 580 458 871 226 931 128 726 263 762 118 538 162 225 693 492 500 647 509 347 522 730 410 639 432 98 110 257 530 241 307 436 979 824 667 421 5 918 222 216 622 688 332 501 299 213 772 483 616 423 549 382 885 590 901 712 73 988 783 360 52 57 671 431 323 342 938 120 633 456 488 260 661 37 302 752 111 816 429 146 505 968 791 346 848 705 760 187 507 640 191 93 286 54 613 974 300 250 424 279 558 924 720 41 528 115 684 831 430 19 759 318 22 654 934 186 981 21 77 90 445 701 75 303 748 408 328 606 497 569 733 620 202 15 729 861 145 985 594 210 179 341 81 127 785 937 104 248 376 723 17 253 531 674 35 417 548 7 976 801 709 685 33 608 453 252 264 476 60 173 161 806 195 645 556 940 928 518 557 562 965 137 354 457 657 297 743 573 206 853 565 943 681 223 833 122 227 480 849 245 201 284 758 197 944 140 840 770 268 828 473 839 942 993 822 895 961 676 881 941 592 69 219 813 466 632 58 990 238 808 919 259 706 294 793 946 479 203 235 83 810 805 275 892 46 455 247 887 381 683 797 183 200 1 788 857 969 30 854 269 131 578 734 108 8 478 511 451 585 956 232 155 602 898 174 914 374 372 130 258 903 251 817 28 435 546 651 529 846 29 963 243 85 842 135 986 814 449 266 872 317 156 653 440 879 513 539 25 519 591 991 923 551 236 526 874 325 971 496 636 829 469 70 274 910 700 78 933 352 775 989 363 604 141 926 713 56 109 744 665 62 774 818 811 790 803 312 834 422 595 211 477 280 349 240 231 340 868 89 331 542 44 815 277 889 59 779 369 194 680 855 160 916 545 326 694 593 757 87 178 631 329 715 997 107 314 736 894 63 656 929 826 909 271 812 460 537 525 982 239
998
608 133 147 789 902 416 352 850 355 320 576 527 266 774 442 401 502 985 392 51 291 684 839 6 798 329 744 776 290 960 534 171 881 182 181 439 766 842 732 772 250 505 142 97 284 860 70 719 503 887 673 34 432 830 601 693 528 119 364 831 955 22 951 174 424 627 467 749 784 82 751 273 307 594 173 495 868 190 452 26 221 530 472 312 430 46 218 7 518 42 786 44 826 689 644 765 577 208 779 670 504 919 949 728 317 96 375 396 454 858 164 130 535 146 283 456 555 267 987 14 612 177 406 420 90 170 225 611 53 79 169 394 256 129 516 346 941 866 780 579 295 659 403 589 408 677 347 657 867 89 517 682 725 551 126 139 136 334 223 667 596 41 80 810 717 212 323 563 843 228 658 234 808 543 979 172 546 864 366 289 598 641 953 721 55 35 509 916 12 263 893 353 418 647 940 500 447 852 351 251 167 308 841 622 926 73 740 969 198 642 137 450 968 578 804 200 499 184 760 67 883 336 264 309 145 510 91 660 448 465 646 980 748 877 473 993 324 344 695 262 816 410 5 434 613 922 947 624 306 188 461 328 973 665 897 127 441 246 438 764 92 674 417 705 632 428 731 769 258 609 773 747 954 636 822 144 333 437 449 849 303 297 384 152 243 707 961 547 158 730 374 165 301 604 526 204 781 829 16 618 276 890 245 668 60 112 337 704 870 856 114 363 176 460 421 921 381 904 469 24 457 970 903 880 539 836 556 422 835 932 479 180 680 412 281 233 369 626 490 962 770 59 718 876 775 132 350 154 3 102 393 797 799 217 537 327 440 996 649 40 561 737 236 988 623 791 906 913 645 45 885 425 702 963 545 131 186 275 98 912 638 710 982 187 162 29 78 694 615 712 569 58 709 892 362 387 691 247 179 575 548 619 149 122 873 240 62 542 628 478 637 939 340 466 633 844 888 166 189 288 259 898 812 687 614 476 716 480 115 532 199 404 395 202 840 630 322 286 854 869 815 399 107 697 11 688 315 540 28 698 178 88 978 846 9 227 606 378 343 445 148 84 759 316 372 222 931 777 536 481 531 13 672 755 380 359 270 400 855 47 20 209 310 302 373 595 900 2 742 566 163 837 925 782 341 156 318 573 625 648 946 482 86 185 522 664 407 754 653 571 818 515 287 368 388 568 71 313 484 19 884 753 342 76 521 602 701 617 794 143 85 928 121 194 379 277 983 796 385 213 157 605 937 828 230 4 891 570 63 464 319 966 458 300 285 203 101 544 106 304 140 253 232 244 429 87 790 696 600 918 8 414 271 924 872 882 423 483 30 463 338 135 832 489 761 834 65 907 488 365 153 572 974 957 371 661 972 629 560 787 833 511 339 398 952 643 905 520 824 110 383 68 321 252 248 100 692 501 377 299 332 141 933 768 74 549 349 915 686 443 990 197 335 679 706 57 237 708 72 723 597 607 950 583 138 806 18 235 793 908 778 391 433 889 975 151 294 326 959 345 896 752 582 989 468 523 451 168 150 785 857 727 977 965 720 99 486 357 272 224 470 56 944 771 507 565 814 763 620 591 817 726 83 314 878 529 75 282 783 354 639 43 986 397 31 411 875 95 874 948 25 859 77 825 743 715 66 370 958 93 631 927 554 599 669 128 678 981 703 361 348 191 386 260 930 512 175 567 911 210 994 124 640 675 650 496 863 508 942 431 192 358 586 32 389 936 581 853 293 901 590 652 413 409 513 899 524 426 229 587 109 758 455 634 61 935 807 108 756 823 255 376 865 471 663 943 819 845 656 193 104 64 125 690 485 494 895 205 735 493 738 113 557 427 917 700 405 120 736 729 360 552 711 886 603 938 616 699 17 538 506 498 477 995 746 894 254 279 33 651 923 390 584 331 436 879 231 475 929 487 666 367 862 976 296 155 241 219 635 69 435 159 655 330 654 10 269 991 553 580 802 739 734 956 216 446 871 934 37 183 722 415 811 847 621 36 201 724 750 809 767 356 48 685 541 206 588 402 118 38 1 265 278 160 382 474 298 714 274 914 757 257 662 50 49 610 492 827 195 681 211 683 838 39 550 795 741 15 821 792 123 214 27 311 249 117 81 103 910 220 820 111 215 559 292 671 564 801 105 261 453 713 945 984 762 268 491 23 94 562 239 574 851 813 992 800 964 134 280 861 444 305 242 21 805 419 226 676 971 593 497 514 745 116 459 997 325 54 207 585 733 558 533 196 803 848 238 161 967 920 909 52 592 519 998 788 525 462
21
1 2 3 4 5 6 7 8 9 15 10 12 13 14 11 16 17 18 19 20 21
999
1 2 3 152 5 6 7 8 9 10 11 12 13 14 15 16 546 18 19 20 21 22 23 24 25 26 376 28 29 30 31 32 33 34 35 36 485 38 39 40 41 42 43 44 45 46 47 48 49 50 51 579 53 54 55 56 57 58 59 60 61 62 63 64 65 66 67 68 69 70 71 72 73 74 75 76 77 78 79 80 81 82 83 535 85 86 87 88 89 90 91 261 93 94 95 96 97 98 99 100 101 102 103 104 105 106 107 108 109 110 111 112 113 114 115 116 117 118 119 120 121 122 123 124 125 126 127 128 129 130 131 132 133 681 135 136 137 138 139 595 141 142 143 144 145 146 147 148 149 150 151 572 153 154 155 156 157 158 17 160 161 162 163 164 165 166 167 168 169 170 927 172 173 174 175 176 177 178 179 180 198 182 183 184 185 186 187 188 189 190 191 192 193 194 195 196 197 913 199 200 201 202 203 204 205 206 207 208 209 210 211 212 213 214 215 216 217 218 219 220 221 222 223 224 225 226 227 228 229 230 231 232 233 234 235 236 237 238 92 240 241 242 243 244 245 246 247 248 249 250 251 252 253 254 255 256 257 258 259 260 159 262 263 264 265 266 267 268 269 270 271 272 273 274 275 276 277 278 279 280 281 282 283 284 285 286 287 288 289 290 291 292 293 294 295 296 297 298 299 300 301 302 303 304 305 306 307 308 309 310 311 312 313 314 315 316 317 318 319 181 321 322 323 324 325 326 327 328 329 330 331 332 333 334 335 336 337 338 339 340 341 342 343 140 345 346 850 348 349 350 351 352 353 354 355 356 357 358 359 360 361 362 363 364 365 366 367 368 369 370 371 372 373 374 375 758 377 378 379 380 381 382 383 384 385 386 387 388 389 390 391 392 393 394 395 4 397 398 399 400 401 402 403 404 405 406 407 408 409 410 411 412 413 414 415 416 417 418 419 420 421 422 423 424 425 426 427 428 429 430 431 432 433 434 435 436 437 438 439 440 441 442 443 444 445 446 447 448 449 450 451 452 453 454 455 456 457 458 459 460 461 462 463 464 465 466 467 468 469 470 471 472 473 474 475 476 477 478 479 480 481 482 483 484 344 486 487 488 489 490 491 492 493 494 495 496 497 498 499 500 501 502 503 504 505 506 507 508 509 510 511 512 513 514 515 516 517 518 519 520 521 522 767 524 525 526 527 528 529 530 531 532 533 534 858 536 537 538 539 540 541 542 543 544 776 666 547 548 549 550 551 552 553 554 555 556 557 558 559 560 561 562 563 564 565 566 567 568 569 570 571 545 573 574 575 576 577 578 704 580 581 582 583 584 585 586 587 588 589 590 591 592 593 594 887 596 597 598 599 600 601 602 603 604 605 606 607 84 609 610 611 612 613 614 615 616 617 618 619 620 621 622 623 624 625 626 627 628 629 630 631 632 633 634 635 636 637 638 639 640 641 642 643 644 645 646 647 648 649 650 651 652 653 654 655 656 657 658 659 660 661 662 663 664 665 320 735 668 669 670 671 672 673 674 675 676 677 678 679 680 37 682 683 684 685 686 687 688 689 690 691 692 693 694 695 696 697 698 699 700 701 702 703 929 705 706 707 708 709 710 711 712 713 714 715 716 717 718 719 720 721 722 723 724 725 726 727 728 729 730 731 732 733 734 523 736 737 738 739 740 741 742 743 744 745 746 747 748 749 750 751 752 753 754 755 756 757 27 759 760 761 762 763 764 765 766 52 768 769 770 771 772 773 774 775 171 777 778 779 780 781 782 783 784 785 786 787 788 789 790 791 792 793 794 795 796 797 798 799 800 801 802 803 804 805 806 807 808 809 810 811 812 813 814 815 816 817 818 819 820 821 822 823 824 825 826 827 828 829 830 831 832 833 834 835 836 837 838 839 840 841 842 843 844 845 846 847 848 849 608 851 852 853 854 855 856 857 396 859 860 861 862 863 864 865 866 867 868 869 870 871 872 873 874 875 876 877 878 879 880 881 882 883 884 885 886 134 888 889 890 891 892 893 894 895 896 897 898 899 900 901 902 903 904 905 906 907 908 909 910 911 912 239 914 915 916 917 918 919 920 921 922 923 924 925 926 667 928 347 930 931 932 933 934 935 936 937 938 939 940 941 942 943 944 945 946 947 948 949 950 951 952 953 954 955 956 957 958 959 960 961 962 963 964 965 966 967 968 969 970 971 972 973 974 975 976 977 978 979 980 981 982 983 984 985 986 987 988 989 990 991 992 993 994 995 996 997 998 999
998
176 123 890 377 926 571 722 76 455 257 492 29 37 179 519 17 379 589 555 133 849 632 671 70 136 723 591 958 969 316 720 383 446 755 796 994 467 529 156 471 756 325 922 344 981 137 412 904 354 609 772 334 477 7 231 944 522 109 783 719 542 737 421 695 305 878 233 765 610 315 625 498 923 963 386 165 698 686 638 140 823 612 238 306 900 285 280 225 505 247 25 416 621 802 301 883 792 128 624 51 202 807 328 506 47 799 706 914 121 138 549 977 716 148 909 495 113 558 335 510 234 845 679 921 599 758 104 230 648 988 410 857 552 803 319 496 511 107 15 330 893 78 669 856 268 270 261 715 114 615 518 979 320 584 818 393 369 439 108 232 837 163 982 53 99 366 734 930 448 321 436 64 832 338 90 63 946 443 806 124 557 228 897 847 392 887 854 677 426 712 214 451 67 774 227 996 74 119 761 355 805 775 62 650 220 396 458 508 551 779 964 985 445 433 418 895 422 623 292 420 166 54 397 955 968 578 925 65 403 984 683 367 98 116 303 678 8 928 891 158 286 875 902 300 248 588 735 744 43 84 736 259 83 971 363 97 295 463 801 682 302 997 73 643 371 253 395 434 48 411 504 742 976 827 348 874 459 892 793 788 438 509 901 161 289 816 778 873 541 86 375 263 275 312 324 762 942 885 264 482 111 601 913 256 540 16 559 613 973 310 488 384 485 550 978 33 60 912 842 322 105 69 470 39 747 23 644 769 688 36 724 934 516 752 24 381 830 206 258 323 670 287 777 486 183 681 219 376 924 168 12 80 85 13 223 449 954 789 215 402 685 674 222 916 527 741 198 991 472 831 603 835 191 919 298 577 948 882 703 690 360 582 193 947 195 507 894 391 346 641 534 566 554 423 460 479 500 787 598 917 307 574 132 570 520 817 949 731 341 374 30 657 587 81 190 502 454 327 548 162 642 619 781 368 481 240 911 532 296 870 89 606 517 284 212 707 637 337 68 639 659 983 953 668 50 254 850 20 530 95 135 580 626 600 129 743 406 283 281 556 209 143 210 538 649 101 55 242 216 929 880 160 21 636 700 544 808 313 593 560 759 100 966 939 343 696 740 394 739 728 440 359 112 745 915 563 990 269 489 611 468 125 546 11 561 898 597 473 945 456 576 478 998 656 356 364 413 653 235 961 211 770 437 935 194 733 918 871 174 896 721 864 975 239 809 760 329 279 189 888 583 764 631 564 872 899 717 702 491 537 229 252 545 965 272 474 810 200 794 120 361 829 763 848 937 841 813 414 213 689 654 768 103 362 819 754 881 400 46 217 732 713 503 910 617 676 776 72 141 249 812 665 995 569 187 660 905 278 180 714 172 236 349 59 959 87 843 751 727 526 224 130 380 767 940 936 75 159 266 297 680 730 663 370 331 855 824 352 684 145 197 536 635 943 800 822 5 14 79 340 951 820 429 260 931 405 815 634 903 18 908 4 604 645 725 255 71 139 748 387 525 941 126 91 110 515 378 288 424 694 246 203 750 868 347 146 435 106 34 729 825 581 175 44 164 687 152 447 35 157 602 543 664 336 573 299 9 144 811 441 462 425 814 834 859 726 52 605 661 957 620 262 821 708 304 293 704 388 497 419 596 28 273 993 170 57 828 666 184 974 618 294 860 177 785 291 927 192 757 804 333 122 274 237 142 181 88 218 565 186 590 869 592 932 373 711 308 155 444 452 950 705 986 655 970 127 332 960 647 149 628 358 523 3 798 77 385 839 171 350 539 797 633 96 245 795 863 169 276 372 652 514 153 131 933 251 622 1 309 836 45 490 877 673 840 852 493 692 26 630 691 791 862 32 415 780 244 853 494 461 771 501 42 512 851 701 607 844 326 40 241 6 464 616 22 709 221 147 640 513 585 134 484 907 833 846 884 58 56 399 528 430 185 450 533 267 718 351 889 66 962 861 952 432 790 773 94 353 457 154 786 465 382 408 662 178 476 38 409 535 226 838 782 753 167 980 697 345 553 27 208 201 41 562 967 483 207 867 317 858 427 357 150 151 404 265 594 314 651 614 196 672 389 117 49 469 766 579 282 204 866 699 398 746 365 886 710 972 19 10 572 173 205 531 667 93 547 318 61 453 521 311 865 987 480 188 879 199 920 826 271 784 342 250 339 102 738 568 115 693 938 499 989 243 992 646 487 627 407 31 567 277 595 658 749 431 182 2 82 608 92 876 401 629 390 442 290 575 586 466 118 906 956 475 675 524 417 428
39
1 2 3 4 5 6 7 8 9 10 11 12 13 14 15 16 35 18 19 20 21 22 23 24 25 28 17 30 34 27 26 32 33 29 31 36 37 38 39
5
1 2 3 4 5
13
1 2 6 4 5 7 11 8 9 10 3 12 13
24
7 2 1 24 5 6 9 8 14 17 11 4 13 18 15 12 22 23 19 16 3 21 10 20
11
9 7 8 11 5 4 6 3 2 10 1
997
1 2 3 4 5 6 7 8 9 10 11 12 13 14 15 16 17 18 19 20 21 22 23 24 25 26 27 28 29 30 31 32 33 34 35 36 37 38 39 40 41 42 43 44 45 46 47 48 49 50 51 52 53 54 55 56 57 58 59 60 61 62 63 64 65 66 67 68 69 70 71 72 73 74 75 76 77 78 79 80 81 82 83 84 85 86 87 88 89 90 91 92 93 94 95 96 97 98 99 100 101 102 103 104 105 106 107 108 109 110 111 112 113 114 115 116 117 118 119 120 121 122 123 124 125 126 127 128 129 130 131 132 133 134 135 136 137 138 139 140 141 142 143 144 145 146 147 148 149 150 151 152 153 154 155 156 157 158 159 160 161 162 163 164 165 166 167 168 169 170 171 172 173 174 175 176 177 178 179 180 181 182 183 184 185 186 187 188 189 190 191 192 193 194 195 196 197 198 199 200 201 202 203 204 205 206 207 208 209 210 211 212 213 214 215 216 217 218 219 220 221 222 223 224 225 226 227 228 229 230 231 232 233 234 235 236 237 238 239 240 241 242 243 244 245 246 247 248 249 250 251 252 253 254 255 256 257 258 259 260 261 262 263 264 265 266 267 268 269 270 271 272 273 274 275 276 277 278 279 280 281 282 283 284 285 286 287 288 289 290 291 292 293 294 295 296 297 298 299 300 301 302 303 304 305 306 307 308 309 310 311 312 313 314 315 316 317 318 319 320 321 322 323 324 325 326 327 328 329 330 331 332 333 334 335 336 337 338 339 340 341 342 343 344 345 346 347 348 349 350 351 352 353 354 355 356 357 358 359 360 361 362 363 364 365 366 367 368 369 370 371 372 373 374 375 376 377 378 379 380 381 382 383 384 385 386 387 388 389 390 391 392 393 394 395 396 397 398 399 400 401 402 403 404 405 406 407 408 409 410 411 412 413 414 415 416 417 418 419 420 421 422 423 424 425 426 427 428 429 430 431 432 433 434 435 436 437 438 439 440 441 442 443 444 445 446 447 448 449 450 451 452 453 454 455 456 457 458 459 460 461 462 463 464 465 466 467 468 469 470 471 472 473 474 475 476 477 478 479 480 481 482 483 484 485 486 487 488 489 490 491 492 493 494 495 496 497 498 499 500 501 502 503 504 505 506 507 508 509 510 511 512 513 514 515 516 517 518 519 520 521 522 523 524 525 526 527 528 529 530 531 532 533 534 535 536 537 538 539 540 541 542 543 544 545 546 547 548 549 550 551 552 553 554 555 556 557 558 559 560 561 562 563 564 565 566 567 568 569 570 571 572 573 574 575 576 577 578 579 580 581 582 583 584 585 586 587 588 589 590 591 592 593 594 595 596 597 598 599 600 601 602 603 604 605 606 607 608 609 610 611 612 613 614 615 616 617 618 619 620 621 622 623 624 625 626 627 628 629 630 631 632 633 634 635 636 637 638 639 640 641 642 643 644 645 646 647 648 649 650 651 652 653 654 655 656 657 658 659 660 661 662 663 664 665 666 667 668 669 670 671 672 673 674 675 676 677 678 679 680 681 682 683 684 685 686 687 688 689 690 691 692 693 694 695 696 697 698 699 700 701 702 703 704 705 706 707 708 709 710 711 712 713 714 715 716 717 718 719 720 721 722 723 724 725 726 727 728 729 730 731 732 733 734 735 736 737 738 739 740 741 742 743 744 745 746 747 748 749 750 751 752 753 754 755 756 757 758 759 760 761 762 763 764 765 766 767 768 769 770 771 772 773 774 775 776 777 778 779 780 781 782 783 784 785 786 787 788 789 790 791 792 793 794 795 796 797 798 799 800 801 802 803 804 805 806 807 808 809 810 811 812 813 814 815 816 817 818 819 820 821 822 823 824 825 826 827 828 829 830 831 832 833 834 835 836 837 838 839 840 841 842 843 844 845 846 847 848 849 850 851 852 853 854 855 856 857 858 859 860 861 862 863 864 865 866 867 868 869 870 871 872 873 874 875 876 877 878 879 880 881 882 883 884 885 886 887 888 889 890 891 892 893 894 895 896 897 898 899 900 901 902 903 904 905 906 907 908 909 910 911 912 913 914 915 916 917 918 919 920 921 922 923 924 925 926 927 928 929 930 931 932 933 934 935 936 937 938 939 940 941 942 943 944 945 946 947 948 949 950 951 952 953 954 955 956 957 958 959 960 961 962 963 964 965 966 967 968 969 970 971 972 973 974 975 976 977 978 979 980 981 982 983 984 985 986 987 988 989 990 991 992 993 994 995 996 997
35
1 12 22 4 5 6 17 18 10 26 33 30 9 14 13 16 7 23 19 15 21 2 3 24 25 8 27 28 29 11 31 32 20 34 35
22
1 6 7 13 2 16 11 21 22 10 3 12 9 4 15 8 17 5 19 14 18 20
6
5 4 1 3 2 6
36
20 25 26 4 3 16 7 15 8 23 11 10 13 6 9 29 2 18 1 5 19 27 21 34 12 31 17 14 24 28 22 32 33 30 35 36
1000
1 2 3 4 5 6 7 8 9 10 11 12 13 14 15 16 17 18 19 20 21 22 23 24 25 26 27 28 29 30 31 32 33 34 35 36 37 38 39 40 41 42 43 44 45 46 47 48 49 50 51 52 53 54 55 56 57 58 59 60 61 62 63 64 65 66 67 68 69 70 71 72 73 74 75 76 77 78 79 80 81 82 83 84 85 86 87 88 89 90 91 92 93 94 95 96 97 98 99 100 101 102 103 104 105 106 107 108 109 110 111 112 113 114 115 116 117 118 119 120 121 122 123 124 125 126 127 128 129 130 131 132 133 134 135 136 137 138 139 140 141 142 143 144 145 146 147 148 149 150 151 152 153 154 155 156 157 158 159 160 161 162 163 164 165 166 167 168 169 170 171 172 173 174 175 176 177 178 179 180 181 182 183 184 185 186 187 188 189 190 191 192 193 194 195 196 197 198 199 200 201 202 203 204 205 206 207 208 209 210 211 212 213 214 215 216 217 218 219 220 221 222 223 224 225 226 227 228 229 230 231 232 233 234 235 236 237 238 239 240 241 242 243 244 245 246 247 248 249 250 251 252 253 254 255 256 257 258 259 260 261 262 263 264 265 266 267 268 269 270 271 272 273 274 275 276 277 278 279 280 281 282 283 284 285 286 287 288 289 290 291 292 293 294 295 296 297 298 299 300 301 302 303 304 305 306 307 308 309 310 311 312 313 314 315 316 317 318 319 320 321 322 323 324 325 326 327 328 329 330 331 332 333 334 335 336 337 338 339 340 341 342 343 344 345 346 347 348 349 350 351 352 353 354 355 356 357 358 359 360 361 362 363 364 365 366 367 368 369 370 371 372 373 374 375 376 377 378 379 380 381 382 383 384 385 386 387 388 389 390 391 392 393 394 395 396 397 398 399 400 401 402 403 404 405 406 407 408 409 410 411 412 413 414 415 416 417 418 419 420 421 422 423 424 425 426 427 428 429 430 431 432 433 434 435 436 437 438 439 440 441 442 443 444 445 446 447 448 449 450 451 452 453 454 455 456 457 458 459 460 461 462 463 464 465 466 467 468 469 470 471 472 473 474 475 476 477 478 479 480 481 482 483 484 485 486 487 488 489 490 491 492 493 494 495 496 497 498 499 500 501 502 503 504 505 506 507 508 509 510 511 512 513 514 515 516 517 518 519 520 521 522 523 524 525 526 527 528 529 530 531 532 533 534 535 536 537 538 539 540 541 542 543 544 545 546 547 548 549 550 551 552 553 554 555 556 557 558 559 560 561 562 563 564 565 566 567 568 569 570 571 572 573 574 575 576 577 578 579 580 581 582 583 584 585 586 587 588 589 590 591 592 593 594 595 596 597 598 599 600 601 602 603 604 605 606 607 608 609 610 611 612 613 614 615 616 617 618 619 620 621 622 623 624 625 626 627 628 629 630 631 632 633 634 635 636 637 638 639 640 641 642 643 644 645 646 647 648 649 650 651 652 653 654 655 656 657 658 659 660 661 662 663 664 665 666 667 668 669 670 671 672 673 674 675 676 677 678 679 680 681 682 683 684 685 686 687 688 689 690 691 692 693 694 695 696 697 698 699 700 701 702 703 704 705 706 707 708 709 710 711 712 713 714 715 716 717 718 719 720 721 722 723 724 725 726 727 728 729 730 731 732 733 734 735 736 737 738 739 740 741 742 743 744 745 746 747 748 749 750 751 752 753 754 755 756 757 758 759 760 761 762 763 764 765 766 767 768 769 770 771 772 773 774 775 776 777 778 779 780 781 782 783 784 785 786 787 788 789 790 791 792 793 794 795 796 797 798 799 800 801 802 803 804 805 806 807 808 809 810 811 812 813 814 815 816 817 818 819 820 821 822 823 824 825 826 827 828 829 830 831 832 833 834 835 836 837 838 839 840 841 842 843 844 845 846 847 848 849 850 851 852 853 854 855 856 857 858 859 860 861 862 863 864 865 866 867 868 869 870 871 872 873 874 875 876 877 878 879 880 881 882 883 884 885 886 887 888 889 890 891 892 893 894 895 896 897 898 899 900 901 902 903 904 905 906 907 908 909 910 911 912 913 914 915 916 917 918 919 920 921 922 923 924 925 926 927 928 929 930 931 932 933 934 935 936 937 938 939 940 941 942 943 944 945 946 947 948 949 950 951 952 953 954 955 956 957 958 959 960 961 962 963 964 965 966 967 968 969 970 971 972 973 974 975 976 977 978 979 980 981 982 983 984 985 986 987 988 989 990 991 992 993 994 995 996 997 998 999 1000
48
41 2 3 5 11 6 8 14 9 10 7 47 13 4 22 16 17 18 19 20 21 24 23 12 25 26 27 28 29 30 34 32 33 46 35 36 37 38 1 40 31 42 43 44 45 15 39 48
39
1 17 3 4 31 28 6 8 36 10 5 12 13 14 19 38 16 18 23 20 21 22 7 24 25 26 39 11 29 30 9 32 33 34 27 35 37 15 2
1000
966 158 952 108 5 747 622 332 290 824 945 873 27 548 25 89 153 270 735 28 847 22 282 724 15 34 13 20 161 748 460 122 255 26 371 361 86 946 238 643 665 678 670 44 993 84 233 587 926 759 956 580 103 981 55 598 737 223 224 985 519 760 512 863 764 839 370 986 898 659 973 138 372 428 75 879 202 749 328 80 81 82 862 46 955 37 145 88 16 90 322 194 977 624 95 375 246 434 379 563 413 783 53 883 928 610 552 4 408 608 720 491 113 343 115 303 935 916 218 730 734 32 261 982 613 712 646 523 755 917 131 235 504 134 989 136 778 72 154 284 899 668 143 213 87 436 959 148 149 150 312 738 17 139 550 637 262 2 183 160 29 480 433 586 165 166 780 446 518 170 965 172 897 234 459 558 177 843 629 461 999 975 159 885 995 961 187 567 534 190 568 347 754 92 195 196 494 429 199 272 775 77 203 316 925 625 492 293 209 564 311 664 144 481 287 216 252 119 285 704 878 382 58 59 905 245 805 931 615 891 231 341 47 174 132 412 934 39 279 826 520 376 243 836 226 97 247 976 385 743 796 217 535 661 33 771 259 812 257 967 123 157 786 264 762 654 572 866 269 18 932 200 858 521 886 448 681 906 239 915 326 23 283 140 219 616 215 562 438 9 677 453 208 731 295 695 297 782 676 399 324 860 116 585 573 306 785 308 426 407 211 151 656 612 900 204 687 919 604 590 713 91 507 301 911 281 387 79 694 419 648 8 745 554 784 517 937 338 339 741 232 342 114 505 393 628 192 348 844 944 733 697 503 940 990 854 663 840 592 700 36 362 439 364 377 366 374 368 369 67 35 73 816 367 96 242 365 620 99 575 475 222 791 693 249 679 327 933 855 528 457 583 345 714 758 923 397 398 300 996 674 991 403 821 495 892 310 109 409 680 962 236 101 768 415 834 918 497 330 623 471 609 423 424 960 309 576 74 198 869 618 607 163 98 913 146 711 289 363 440 709 530 811 980 773 168 690 276 449 549 795 974 292 454 969 970 391 850 175 31 180 861 744 809 635 877 566 657 578 710 421 472 736 971 381 498 477 478 479 162 214 482 907 692 691 875 539 750 684 893 112 207 527 197 405 602 418 476 727 856 920 683 353 133 344 506 323 942 509 510 922 63 983 838 698 753 336 169 61 241 274 522 128 544 525 912 493 390 529 442 948 579 658 189 253 588 800 538 487 540 541 666 963 524 904 829 998 14 450 155 551 107 682 334 605 673 650 176 559 614 561 288 100 210 845 467 188 191 792 570 571 267 305 833 380 427 595 469 532 52 790 859 392 584 304 164 48 536 652 320 647 359 802 901 577 815 813 56 667 846 895 496 871 319 555 725 432 110 422 106 632 314 125 560 229 286 702 431 958 378 685 7 420 94 206 909 627 346 179 630 631 611 902 832 465 636 156 649 696 640 798 642 40 987 772 127 591 331 638 557 910 589 988 266 655 313 468 533 70 929 254 830 357 212 41 542 599 142 669 43 788 718 556 401 675 299 291 42 386 410 277 553 502 489 621 876 317 994 770 447 485 484 384 329 296 639 352 515 699 360 777 617 880 220 705 706 787 722 441 470 437 126 321 394 857 887 941 672 719 111 864 708 723 24 606 726 499 728 729 120 294 882 351 121 19 473 57 152 888 939 340 742 250 463 333 746 6 30 78 488 751 868 516 193 129 1000 799 395 50 62 894 265 867 65 896 841 767 414 848 689 256 645 445 872 201 776 701 137 914 167 781 298 102 335 307 263 707 671 924 581 383 569 865 819 451 251 797 641 757 537 801 593 803 984 227 806 889 808 464 810 443 258 597 947 596 373 817 818 794 842 404 972 903 10 825 240 827 828 546 662 831 634 574 416 835 244 837 514 66 358 766 820 178 349 565 600 21 769 849 458 851 852 853 356 389 500 715 273 582 302 462 83 64 721 793 268 763 752 430 870 603 774 12 874 486 686 466 221 76 703 881 732 104 884 184 275 716 739 807 890 230 406 490 761 601 765 173 69 141 315 594 633 823 545 225 278 483 908 626 651 325 526 435 779 280 118 130 417 318 501 921 511 396 789 205 49 927 105 660 953 228 271 388 237 117 950 337 943 740 354 717 508 938 350 11 38 814 531 949 936 951 3 930 954 85 51 957 619 147 425 186 411 543 964 171 1 260 968 455 456 474 822 71 452 182 248 93 978 979 444 54 124 513 804 60 68 644 653 135 355 402 992 45 688 185 400 997 547 181 756
998
461 505 705 451 555 938 308 819 901 559 377 452 415 466 587 868 985 728 165 880 163 700 394 259 891 419 316 154 551 318 949 396 673 709 560 830 662 657 329 108 102 351 28 926 360 2 802 667 440 83 60 680 26 624 975 808 341 248 605 928 266 722 606 98 454 386 742 458 538 160 976 86 336 253 654 581 922 703 645 139 522 77 469 550 786 41 501 575 684 8 738 961 493 121 236 744 841 889 503 39 518 208 980 273 724 82 697 562 795 127 30 283 828 56 691 608 745 832 354 238 497 479 399 978 934 775 815 917 159 688 409 101 959 356 491 649 280 416 378 252 735 130 573 79 412 585 553 70 486 174 823 164 170 1 625 902 527 849 144 90 447 665 870 448 593 894 87 621 863 19 837 692 191 413 111 552 993 257 464 642 798 184 871 907 781 768 482 277 205 554 732 313 355 91 530 290 929 635 244 201 588 672 96 232 151 714 330 827 58 567 54 50 173 324 73 187 982 935 793 224 123 359 299 537 292 556 270 873 956 618 845 312 24 243 348 55 234 721 884 525 372 352 227 109 65 628 88 319 106 148 10 33 844 92 42 843 955 214 590 395 599 820 711 766 986 463 594 105 4 364 774 679 952 945 612 858 500 533 49 200 267 435 237 410 842 991 126 753 370 99 706 63 450 866 923 725 118 471 699 897 115 315 850 806 240 138 513 287 761 782 119 489 639 521 235 531 219 276 636 134 643 564 839 508 707 905 791 488 255 614 876 517 475 136 620 496 740 758 347 375 968 449 74 674 619 263 188 376 35 357 495 327 7 389 146 247 181 260 973 759 615 861 708 393 600 734 274 441 366 104 423 304 974 693 44 995 436 519 596 733 32 362 664 204 779 185 368 223 799 438 477 660 211 881 900 958 46 536 529 941 72 27 904 646 543 607 197 629 285 195 67 963 229 882 933 34 655 888 663 387 103 687 198 20 180 476 633 113 158 333 939 225 309 694 480 155 911 203 892 422 794 648 898 678 17 511 490 408 650 383 107 979 84 809 944 549 561 69 80 478 957 835 114 407 988 887 712 807 337 591 846 133 715 856 278 380 171 12 186 220 996 867 644 64 528 731 145 918 951 972 729 824 289 641 305 499 153 213 925 746 358 814 953 353 52 303 433 45 218 840 48 524 179 852 367 297 541 14 177 964 574 128 570 434 264 983 339 176 506 616 241 701 338 209 571 685 568 812 695 966 402 279 896 502 915 420 36 427 669 365 196 51 256 245 726 710 430 947 557 977 507 207 124 913 265 384 909 946 862 716 937 254 954 825 13 261 239 281 216 569 683 817 350 215 16 94 829 178 474 796 183 398 930 296 666 597 212 790 142 772 931 563 748 859 456 504 626 481 736 689 404 467 258 960 473 379 78 5 893 916 875 741 492 675 548 162 326 854 3 515 770 833 361 970 702 300 717 6 838 785 275 671 140 967 942 682 421 262 670 314 752 485 40 534 342 749 75 38 268 623 291 226 851 592 112 392 175 601 583 783 157 457 189 739 584 906 658 37 622 59 116 872 965 805 743 202 210 586 940 526 455 251 730 855 969 962 912 611 757 566 25 307 885 696 656 47 831 217 577 637 879 652 595 228 150 371 800 760 659 397 444 924 780 470 374 544 750 813 53 523 598 638 483 76 787 865 848 328 532 332 167 602 981 609 446 246 617 899 385 723 141 282 331 698 125 325 834 801 403 295 565 603 132 994 298 822 681 322 194 921 547 288 903 340 345 432 984 443 908 546 199 630 250 647 321 686 294 932 9 539 271 631 936 498 713 990 751 920 192 510 472 391 773 821 943 320 769 542 242 989 540 439 286 66 677 860 182 43 514 764 765 640 166 131 579 62 776 789 578 737 85 582 431 509 836 445 335 15 417 193 763 137 437 755 610 558 31 950 95 400 797 390 816 919 853 494 771 284 363 747 512 425 161 293 811 788 426 343 632 269 971 122 18 29 634 418 719 874 754 890 147 589 910 992 778 349 762 869 221 149 668 334 718 520 57 381 22 784 143 651 484 704 580 857 135 301 459 231 306 311 11 272 405 168 302 886 61 429 97 152 89 998 720 847 878 382 442 460 927 465 727 411 117 68 535 172 487 810 323 804 948 661 120 756 233 792 516 767 230 310 604 864 826 576 156 369 222 468 613 690 401 895 414 406 249 545 129 373 190 997 317 344 93 627 453 914 653 777 987 21 169 388 676 110 883 81 877 462 346 803 71 572 23 424 428 818 100 206
996
1 2 3 4 5 6 7 8 9 10 11 12 13 14 15 16 17 18 19 20 21 22 23 24 25 26 27 28 29 30 31 32 33 34 35 36 37 38 39 40 41 42 43 44 45 46 47 48 49 50 51 52 53 54 55 56 57 58 59 60 61 62 63 64 65 66 67 68 69 70 71 72 73 74 75 76 77 78 79 80 81 82 83 84 85 86 87 88 89 90 91 92 93 94 95 96 97 98 99 100 101 102 103 104 105 106 107 108 109 110 111 112 113 114 115 116 117 118 119 120 121 122 123 124 125 126 127 128 129 130 131 132 133 134 135 136 137 138 139 140 141 142 143 144 145 146 147 148 149 150 151 152 153 154 155 156 157 158 159 160 161 162 163 164 165 166 167 168 169 170 171 172 173 174 175 176 177 178 179 180 181 182 183 184 185 186 187 188 189 190 191 192 193 194 195 196 197 198 199 200 201 202 203 204 205 206 207 208 209 210 211 212 213 214 215 216 217 218 219 220 221 222 223 224 225 226 227 228 229 230 231 232 233 234 235 236 237 238 239 240 241 242 243 244 245 246 247 248 249 250 251 252 253 254 255 256 257 258 259 260 261 262 263 264 265 266 267 268 269 270 271 272 273 274 275 276 277 278 279 280 281 282 283 284 285 286 287 288 289 290 291 292 293 294 295 296 297 298 299 300 301 302 303 304 305 306 307 308 309 310 311 312 313 314 315 316 317 318 319 320 321 322 323 324 325 326 327 328 329 330 331 332 333 334 335 336 337 338 339 340 341 342 343 344 345 346 347 348 349 350 351 352 353 354 355 356 357 358 359 360 361 362 363 364 365 366 367 368 369 370 371 372 373 374 375 376 377 378 379 380 381 382 383 384 385 386 387 388 389 390 391 392 393 394 395 396 397 398 399 400 401 402 403 404 405 406 407 408 409 410 411 412 413 414 415 416 417 418 419 420 421 422 423 424 425 426 427 428 429 430 431 432 433 434 435 436 437 438 439 440 441 442 443 444 445 446 447 448 449 450 451 452 453 454 455 456 457 458 459 460 461 462 463 464 465 466 467 468 469 470 471 472 473 474 475 476 477 478 479 480 481 482 483 484 485 486 487 488 489 490 491 492 493 494 495 496 497 498 499 500 501 502 503 504 505 506 507 508 509 510 511 512 513 514 515 516 517 518 519 520 521 522 523 524 525 526 527 528 529 530 531 532 533 534 535 536 537 538 539 540 541 542 543 544 545 546 547 548 549 550 551 552 553 554 555 556 557 558 559 560 561 562 563 564 565 566 567 568 569 570 571 572 573 574 575 576 577 578 579 580 581 582 583 584 585 586 587 588 589 590 591 592 593 594 595 596 597 598 599 600 601 602 603 604 605 606 607 608 609 610 611 612 613 614 615 616 617 618 619 620 621 622 623 624 625 626 627 628 629 630 631 632 633 634 635 636 637 638 639 640 641 642 643 644 645 646 647 648 649 650 651 652 653 654 655 656 657 658 659 660 661 662 663 664 665 666 667 668 669 670 671 672 673 674 675 676 677 678 679 680 681 682 683 684 685 686 687 688 689 690 691 692 693 694 695 696 697 698 699 700 701 702 703 704 705 706 707 708 709 710 711 712 713 714 715 716 717 718 719 720 721 722 723 724 725 726 727 728 729 730 731 732 733 734 735 736 737 738 739 740 741 742 743 744 745 746 747 748 749 750 751 752 753 754 755 756 757 758 759 760 761 762 763 764 765 766 767 768 769 770 771 772 773 774 775 776 777 778 779 780 781 782 783 784 785 786 787 788 789 790 791 792 793 794 795 796 797 798 799 800 801 802 803 804 805 806 807 808 809 810 811 812 813 814 815 816 817 818 819 820 821 822 823 824 825 826 827 828 829 830 831 832 833 834 835 836 837 838 839 840 841 842 843 844 845 846 847 848 849 850 851 852 853 854 855 856 857 858 859 860 861 862 863 864 865 866 867 868 869 870 871 872 873 874 875 876 877 878 879 880 881 882 883 884 885 886 887 888 889 890 891 892 893 894 895 896 897 898 899 900 901 902 903 904 905 906 907 908 909 910 911 912 913 914 915 916 917 918 919 920 921 922 923 924 925 926 927 928 929 930 931 932 933 934 935 936 937 938 939 940 941 942 943 944 945 946 947 948 949 950 951 952 953 954 955 956 957 958 959 960 961 962 963 964 965 966 967 968 969 970 971 972 973 974 975 976 977 978 979 980 981 982 983 984 985 986 987 988 989 990 991 992 993 994 995 996
